  18.908556613146278
  16.821813253062473
  17.585296246759546
  15.556982377285041
  14.426452216055066
  17.359398458868163
  18.434160902783880
  17.350974886211283
  16.933719735690831
  14.200896584751170
  21.663042969403777
  18.578108523453038
  14.804550129410100
  15.727111852862231
  16.470974252131109
  15.986988655764371
  15.065913495180013
  19.123671495395706
  17.558401294492128
  14.361914772919923
  14.139052245990681
  14.011630319699123
  15.557723877354947
  14.748575331682062
  13.138963390213315
  17.769801151072630
  19.142264658661603
  14.176516632047522
  13.413345297893527
  27.270665182827827
  15.115677770024495
  14.288250348514745
  20.464311679565112
  18.863692462320776
  18.284623806861988
  18.141182856669988
  16.920557780849610
  21.294723671301525
  15.016894355946169
  15.199796688025956
  19.266625097971496
  10.691243751797881
  21.069107669542186
  21.163435451164663
  18.659964268496216
  14.713468530874981
  15.655248571679845
  17.105741723674210
  16.258880307559016
  21.077068597276216
  15.176140586837120
  23.215911953887312
  12.943922374178791
  15.005018112001763
  15.091059578844478
  18.525511609196602
  13.290088458580457
  17.624750076584196
  17.561429864528264
  17.150120912686877
  12.366892293944853
  19.125985112262746
  16.912376098687192
  19.409023300548165
  17.014472643303543
  15.658214813017725
  14.817987478652437
  12.184032220771789
  14.879122259302000
  13.851432539682515
  17.538781156424706
  16.434589255116719
  14.398313503737420
  15.403075921154568
  16.155861818830378
  14.481469905124230
  12.085334151053850
  20.538419363944943
  15.599134374346062
  20.913716246003378
  18.328392596376634
  24.252226949089241
  18.220940662167562
  17.482502230359434
  16.133881008581400
  18.158452012941739
  14.407625751357357
  17.184729447501621
  15.563137806680204
  15.664624790153690
  11.426824612287440
  14.495589432126169
  12.613795082558579
  11.449930955325554
  25.248147208131596
  14.538204161099282
  14.571850349017693
  17.467084901265905
  18.623336961703498
  14.156112756531258
  20.795800383777794
  29.659412650991419
  33.620411618908568
  10.696292403479302
  18.485212127052683
  15.515101429978515
  16.367365603527764
  14.642120663645627
  17.009572305776815
  16.294884494576129
  14.449772150899050
  17.886201536705500
  19.922861337245024
  17.006242897778632
  14.029891744941624
  14.221815759978250
  12.106044117030357
  22.061401043053005
  13.766183027211246
  14.716752228692497
  18.225063524449085
  13.036811574658964
  15.549846282713959
  15.824639638719275
  16.028585405365791
  13.377124317138496
  12.723504364696981
  13.850593193678834
  13.378047588069417
  12.824175958841963
  12.774629925275382
  17.159302113778263
  14.853556785113318
  13.839949056123339
  11.730219735995615
  11.116851388396880
  17.545695695315029
  14.561200102894608
  12.356121402857570
  13.537760984050685
  17.821165450865230
  14.693908428163199
  15.163850518678321
  14.126675150511788
  16.984460092025236
  16.482876524002410
  17.683731652135552
  14.991440277460354
  21.751539567144748
  12.114386210283629
  17.086389735272347
  14.080630536589538
  23.317553284754818
  10.250638096451878
  13.600725465448029
  18.876221850313324
  12.052798556534450
  19.124651131794674
  17.070131132927638
  15.158389455139900
  16.151856142328467
  20.988681795551221
  17.023790238807779
  14.123521696468648
  11.583276461586111
  17.856581964329169
  11.910766797180141
  19.054400246149228
  15.726018693201869
  22.631972253563606
  17.293614211967975
  19.741253147274539
  13.225373068835075
  18.909028917894913
  16.758076111116230
  11.947374220947693
  15.221739623802904
  11.217442991229494
  21.853880255766177
  15.270755040447543
  11.163582603459143
  12.340413150605512
  11.983008928413132
   9.679019516060264
  14.165191631126189
  13.626348784560301
  10.760528571932938
  12.326938993152475
  12.904667528043091
  10.495923609589713
  18.289547505950302
  17.130784017505594
  13.307141210140383
  11.147967185868193
  10.548565600401948
  16.512730333530253
  16.912544794426014
  10.589602562524741
  14.131637744050295
  14.960818047599305
  16.198549671268985
  17.806553413578830
  10.911118309828742
  14.716598538451549
  21.430947428867879
  15.240783099139163
  16.106874056712709
  17.986461545679399
  12.039015826545581
  18.525057301427176
  19.314031879139696
  11.538378383104129
  15.955344923175208
  18.494259738272074
  14.599193438030440
  10.603549205783361
  17.064084209068573
  16.553107433612508
  10.433731556038553
  13.020279097424261
  15.335609986237821
  13.838906534296261
  15.770604820475712
  16.327457261575909
  16.169716165059078
  18.161424894609069
  15.220879243601320
  16.613686435888049
  14.429063887964545
  15.591947532529815
  21.463494557674069
  12.155803930417920
  13.441330337273598
  14.821097862462032
  14.306054518553705
  16.080119498532309
  15.457005821507301
  17.397295316477380
  13.336118426531453
   9.980657459994055
  13.584058839323711
  18.312810670033928
  19.818100336633440
  19.156625079893881
  10.673922859208741
  14.796353610504474
  20.898172949049015
  13.028137635630695
   9.957127667336429
  13.041118668535722
  10.132405797258572
  17.320362762733942
  19.867856196127651
  15.973726285361524
  16.409546497430215
  11.065581722582966
  12.172534102993503
  17.339917024223148
  16.110595464107512
  13.521366551460068
  19.339462496753533
  12.714942335033602
  14.386893891757154
  17.742919635591411
  14.772920232160799
  15.237051453488153
  14.171642909611934
  13.430507316605401
  11.958811409203251
  15.841492336567258
  15.679672312733685
  16.383882075831587
  12.418096716326092
  15.948076621646247
  12.290769719249423
  14.863139872902396
  13.109908522242074
  17.345668305180654
  20.583333205321782
  13.116267891482459
  19.961564556078269
  13.543569148526884
  12.033994783627285
  24.240049994338411
  12.582572252638402
  14.223036397432070
  11.064368332898057
  12.383127116896693
  15.590909113631959
  20.171021032816835
  18.875870861371797
  14.807981594647152
  19.720500087374761
  14.014812429874449
  14.176882513223056
  16.341988144733701
  10.799931380520321
  18.503340698901634
  19.556067827154780
  18.862311630752625
  12.922746432216381
  13.617151665248433
  11.828023661939845
  14.832324052970259
  12.178460700098058
  19.150634395830116
  14.582716925415870
  14.045176809011809
  10.939877132741318
  23.247603459825123
  12.547249329638958
  12.603753531409327
  14.545748283837260
  16.137901404540968
  12.777933601093624
  12.326019738238587
  17.618879161818995
  16.512575076832787
  17.045395531047917
  13.227025787591767
  19.370696784106521
  14.993336954663443
  16.134345850245712
  12.034471363652698
  17.740810003585355
  10.660230412520177
  13.447626956233229
  17.922818731806376
  10.221145163931628
  18.307609229176090
  12.542516945209191
  13.034675206574673
  13.793001334118177
  11.485707629219624
  13.198906429039687
  10.831478906836102
  15.708932366470686
  14.000360701929619
  13.587453720853967
  12.868084525563605
  14.595420720608554
  11.742010550892883
  13.551767708798495
  17.144715322959793
  16.728778514078952
  15.150799354382511
   9.492089589960047
  13.646588103369312
  15.808051187673633
  25.623598560138204
  13.631278485868347
   9.625198185225788
  11.788827833826197
  13.091403818424179
  11.459183297883056
  14.241823671344332
  14.221926241733655
  13.847994481744792
  16.392572404423407
  13.209352729279142
  18.802050634407092
  14.143292598218328
  14.043206369066483
  12.912347502243919
  16.770503186639765
  24.530768582909598
   8.960693957920600
  13.040560670381346
  10.731342596748606
  18.532812420068615
  10.376102899899251
  14.762800671374179
  12.068420729804988
  15.695879102958984
   9.363772527386947
  12.100946619836724
  13.019582298872637
  11.268236384116637
  18.636258044296249
  14.589401406391493
  18.439665368687660
  13.254161321861304
  14.547211882414763
  12.804271208924393
  17.153202598812310
  12.472146959067808
  12.941722939313209
  13.164678446767799
  12.237797829516171
  13.551915275067080
  16.860950769443933
  16.406185600143815
  11.135422526523818
  21.897826873270189
  13.241912469221247
  13.845363919141237
  15.571927392736315
  18.526738989577120
  20.830301708968498
  12.972719358991537
  20.989399829787395
   9.879564496397157
  15.919051596722903
  10.639277982833877
  17.255989038310726
  17.570139179455777
  16.551417352875672
  11.526135096519497
  14.669039514125775
  16.259498818241740
  13.790309484581100
  20.275105906792399
  20.729590730977506
  14.501924538346228
  13.243306202489648
  16.157271511669033
  16.032067219824587
  12.420556731328011
  18.280415281077114
  13.247871838616831
  16.260964624466179
  10.194469556681753
  13.625651037735647
  15.456083523481229
  12.266771480546544
  22.694238878494424
   9.846769488228064
  21.611181476945415
  13.981194724269619
  16.360169178973156
  13.289203339829655
  11.872683939325848
  18.357899682287306
  21.449350942226085
  13.603183161978570
  25.024976970922432
  13.673514156152325
  10.888779856882533
  14.344634210738932
  15.509750395559247
  17.176860262385746
  11.298004023409329
  14.643131781878835
  12.411675871065638
  14.495828097946587
  15.530058726584573
  11.647643715503685
   9.455040351147364
  13.145252200126760
  17.446642229492527
  22.693783199124472
  18.510292376286211
  15.029363448144481
  10.585164789284663
  14.042927282666762
  10.373060170773431
  16.135508580737107
  13.797580787511222
  11.160589255566556
  14.438127839432058
  12.179280687514268
  14.797356282920833
  16.585756622440057
  13.509958871650930
  16.869378470944148
  12.077149507454524
  12.799455038486245
  10.944464206585125
  12.751928384794287
  11.816574423302455
  13.430892891215836
  17.998310069575967
  11.605025022825672
  15.879815936982578
  15.636297834904970
  19.312677252674940
  14.690812215186734
  18.456641464356053
  18.077557573670536
  15.578979937811234
  12.829164095775139
  12.030467769301185
  10.616356149007597
  18.463319103215111
  20.086902350986424
  13.893733419819855
  16.370370711328379
  14.085623123326318
  19.257912447643236
  13.611898899283732
  10.867782475016070
  12.939816476893621
  20.505318541030086
  21.699547803992687
  14.909765814920919
  17.180793306366630
  13.799654066319938
  13.218292613817017
  16.264246918488778
  14.457630891797539
  17.241040740627788
  13.479025382470327
  16.828997731477720
  14.578985161159830
  18.683776972271319
  15.015064922517070
  11.165732778550809
  15.510448160863216
  18.129266826574942
  13.874201025663788
  14.087624945026998
  18.149493080458198
  18.932281277685612
  14.740223862671100
  19.047672919412143
  17.888504818154284
  14.868146871587428
  10.797015642321532
  13.662094574576188
  13.640936172761705
  16.371641250808576
  16.331390817096115
  15.643248233887471
  16.659089363771214
  12.252961869522577
  14.096788769931296
  15.514454320986811
  15.039311550795877
  17.378167834515633
  15.758379330361862
  16.689601076289344
  13.878979622367696
  12.553035306445062
  17.843448303755347
  18.214752887743256
  14.086871269811115
  16.423945004607756
  14.258620872809128
   9.267165609033370
  11.266251241091891
  15.130700975825333
  15.697500747351277
  12.519237911581971
  13.579246754984001
  12.492203306195756
   9.400956988213194
  16.911411786114192
  11.551199284589901
  12.118715309182200
  13.336966428227286
  16.658798631753842
  11.684927343835606
  11.637019905120661
  13.303195084902943
  14.656454873369663
  10.442357337519138
  16.794784364588737
  10.926524595316861
  10.586102456418104
  18.280217940991880
  12.330860715234118
  17.965296436255015
  12.090303045697997
  17.125978004072751
  10.248517896725081
  13.496863406571256
  11.517943566868188
  16.083419669971416
  15.388905345272107
   9.658019057642099
  11.710120366717244
  15.746633721163288
  11.213291943329660
  10.361379970912574
  14.850079605990605
  12.199522231905387
  10.630611349895412
  11.898455733353879
  14.578785331455819
  13.953186006962741
  12.174201176124507
  15.060652579529918
  14.330881452700795
  14.880244235724034
  12.914162323350806
  18.949181221813962
  11.841610173420942
  16.092213384220852
  14.629622290723866
  11.819328354089964
  13.398521852909993
  18.368361498405633
  11.953204045173807
  18.891441976238183
  13.588259697258187
  16.600519464994939
   8.418030556494479
  22.314750462150837
  11.130296838030920
  13.677733501212843
  15.954644912982161
  13.860311885263962
  12.479667148117994
  11.400828505852522
  11.654769894501334
  14.403027008687683
  15.556214441996943
  13.858380198121043
  17.392956193123487
  13.953579047489327
  16.641801573416181
  11.964333179988541
  16.433278256341785
  14.795716878720556
  12.119608701490976
  18.693242944132008
  14.164081771514428
   9.383821266360130
  10.834542882808860
  10.385230544179944
  15.134464213045003
  10.551399657413334
  11.879964078103225
  14.482041628748296
  13.143423598894156
  15.310686107070563
  14.604766044155538
  12.030299607133693
  13.894971530551499
  18.522325939046723
  10.930674748033230
  16.415721300392434
  13.254604387987820
   9.750825343364452
  13.561667907612285
   9.097987279142229
  12.978152796748747
  11.464392757864440
  13.458607359328005
  12.970475485832761
  16.665513865287768
  13.054639717719375
   8.617513059161075
  14.080428496086381
  14.168228311693227
  12.419209691685079
  14.743581023395272
  12.263291630301050
  12.523770213174117
   8.766928770521532
  23.583810120990311
  16.485000161042264
  13.485096438678751
  12.272627505606155
  12.810071257977720
  14.701621409712963
  11.416167948587316
  12.311554750170130
  12.051293978929213
  15.354087342858187
  15.070345330564602
  12.810019869636319
  20.301731856500032
  12.783234935139933
  13.693631546100477
  12.068256175247885
  12.659038559732451
  14.308560435722353
  11.826286863023965
  14.512084774108295
  16.029972587494238
  14.405074532053757
  12.651870459516768
  16.641449522049499
  14.561955821103988
  13.660686337826080
  16.046521545424028
  10.919562615922800
  13.896117818327423
  13.680476769013718
  15.800057145285549
  11.963487655649540
  15.511594726533129
  22.714034850330507
  11.935493222611614
  15.242895412360489
  13.120913280897669
  11.781956273968768
  19.335656089438864
  13.827080894257064
   9.670032156486691
  15.913828180272011
  11.789220451828390
   9.375954564104350
  12.706263511278064
  14.300916570674564
  10.865364594043406
  13.017581578345125
  13.887368335639377
  16.761748448732104
  13.230041148001547
  11.467818472693415
  22.723675506601467
  19.855408841808150
  13.539687879032745
  17.148091046953025
  15.054981186782276
  13.864730704914866
  11.810463002983866
  17.943924047899007
  13.389386984278395
  12.894902895107798
  13.580622660430522
  11.757940722317234
  12.028605415524567
  11.484423033183393
  12.837149658682690
  10.357920759793460
  11.895765191130388
  10.908738642326188
  10.998241123476638
  16.229003390359266
  13.900124130349077
  14.562725306262403
  13.972097040461197
  12.676252550984083
  14.005263974639416
  12.000338717554005
   9.932733013901445
  11.848451756442039
  10.215486702008485
  14.155668635753663
  12.049000597740077
  13.641760548200977
  13.302994145257541
  16.622160106118788
  13.955780075986414
  11.815905191900543
  12.442220782377384
  13.421441221509854
  10.984637724087177
  10.017734171941203
  13.080903369924240
  14.465038961540525
  18.128121039148839
  12.717794689728049
  12.683109791018843
  15.433485739890141
  11.400426622462984
  14.412336247018769
  10.381733768478144
  10.618526582131994
  10.165575905459970
  14.277430202560670
  19.898364982184808
  11.436675008624302
  12.559898969130769
  10.228683916611993
  13.019528500926108
  16.705758486546902
  13.717713872946588
  11.372412348445613
  12.289487695834342
  16.113147353736722
  15.091539165662428
  11.837843312795361
  11.944804989953093
  11.582174661867794
  13.497829061474251
  11.532505767424621
  13.648188621988802
  13.162608140979253
  16.517063933016327
  17.254941851704787
  15.347978548062634
   8.339146447533532
  13.379039239021047
  18.801237192084624
  11.993193748258141
  13.279112241369681
  10.856270238555824
  13.297641325662128
  13.091652364154816
  11.086134994589563
  10.969814864498737
  15.890219240973756
  11.666960499383967
  12.202465273520880
  12.492976311669538
  16.666266849760995
  11.966253867974274
  13.218483823891434
  16.822198399652437
  15.594051191702106
  11.465356466560067
  16.349476914563429
  16.618853748447709
  10.734785972991991
  11.355189097901041
  16.215425817824808
  11.406299665131664
  11.498176881038944
  11.565357642384278
  15.719906660944069
  14.256366471847695
  14.242969255781613
  16.913419134873587
  15.956417754875753
  16.024855543821143
  10.712343881176252
  14.270790517521525
  15.984985859652212
  15.971518446906138
  11.592725205428110
  12.387571877351857
  13.675803682594911
  12.340682229093940
  14.885999531866359
  14.951944265215684
  15.203474184060488
  14.734222161157727
  10.920265006083509
  21.200220299158092
  10.932085202990764
  15.662994411536850
  11.491901286605357
  12.333076817841059
  15.555633712698680
  13.256333508349670
  12.132017060129538
  12.214515359913720
  16.225607497086210
  13.782508848111320
  23.709353496945993
  14.939120582780870
  15.458930390223144
   8.992973708541748
   8.865473432608215
  13.139904204489576
  11.159038990498697
   9.375346754806888
  13.277009385233848
  15.391176529651265
  19.568216073543072
  13.054402217692050
  11.962976836933948
  13.707717301114337
  10.987327698941833
  13.140717621479905
  20.455328711363317
  15.160016466129628
  14.081959007013915
  12.920310089449722
  12.394773178582019
  11.027323682456185
  11.037617424787564
  12.538009315509150
  15.229795137827822
  12.349193577904636
  13.680683987847127
   9.616749505280803
   9.023438446350208
  10.544800629939013
  11.254900458672203
  12.509141472283078
  13.269827932997585
  13.412865998561446
  15.507842844889884
   9.072746933435648
  15.059413046507903
  12.143138425371155
  17.734990216229095
  14.569934577160098
  13.483710325451303
  16.055327866428350
  12.483379813061517
  14.701880951564678
  10.359901328801183
  10.539395466028130
  14.400150409315190
  12.773802018651896
  14.105164259439084
  13.375752018766091
  10.646223494169232
  13.901222924143112
  11.452228861942023
  17.028034749971774
  14.966623901798429
  13.532574605439402
  15.372686830801558
  19.644782397502719
  14.506562812087657
  12.476285213935846
  13.382065092056793
  16.768566353167109
   9.326671141624984
   9.569314874045444
  12.823586205087359
  13.720784653566846
  16.811896218720880
  13.458315378217609
  11.586082203578709
  11.573694752473719
  10.435459580003380
  14.246574269567438
  13.807076948263466
  14.731588538465162
  15.580232912307979
  10.530201376182495
  11.022715761237099
  13.441206969550233
   7.537051895920508
  12.314974738323417
  11.170044150669983
  11.078123239431061
  16.599582548009173
  11.942958362828716
  14.244307256676039
  15.845322738485030
  13.495604049990928
  10.614916452416122
  15.791568104223010
  16.303978754639916
  14.224221415996743
  12.304230008646430
  19.078376622878626
  10.343466879270935
  13.163414666066019
  11.961335454177354
  11.700559069388629
  14.107740560955394
  12.195271936279162
  11.600766754530995
  12.635588054458301
  10.461417057536603
  11.990134456148418
  16.030984981513540
  11.996298551227772
  12.435354146513849
   9.125135539014031
  11.145560445341076
  14.406247390593544
  13.036982365927907
  11.406185141258268
  12.001265347462442
  16.399169524151505
  15.701448685445273
  18.622905738885021
  14.803517568317807
  13.579287806431858
  13.621824399435929
   9.297109261292974
  14.261508081490730
  16.839250411589264
  10.237491413674024
  15.076841211248445
  18.285043268769130
  15.496082658271539
  15.686870707581296
  12.120749875643793
  11.923861773776239
  11.102497373258575
   9.857592602718468
  15.504127510982863
  17.953902325655561
  13.747137976082561
  12.281425787519010
  14.174855844199004
  14.635613062134695
  12.245276128432448
  12.078826943163584
  15.664119503743759
  12.946781146688303
  10.465242198270380
  17.630205437940853
  14.392820261311986
  12.225167740642623
  12.805394734042848
  14.582246776257367
  14.884862497461185
  10.065280189245837
  12.586181858429309
  11.360519491808737
  14.531573148294937
  10.445247722821184
  19.117872636118913
  13.178957938437333
  19.356417269490565
  16.198971805133830
   9.405855326182520
  19.005355972866561
  15.265514273610952
  15.201393632187538
  14.972406014960661
  13.764580591430413
  12.669166832144569
  12.270304838230935
  14.820000472127881
  11.004219732580049
  16.190037236508312
  18.037758916563455
  15.850893921047287
  13.746306000327070
  12.539778443849756
  11.824658330020393
  10.528937986967551
  11.987521352060584
  12.307242491071188
  14.668217433561998
  13.629169485991459
  13.664201862917906
  11.915271522167622
  12.664759033123965
  16.869651564698852
  11.113386886899285
  11.296730967318422
  12.620009612934193
  15.441332230100439
  17.260720351081364
   9.798851479086516
  10.725648019659196
  18.666073359734895
  15.359645899072278
  15.380965184039158
  15.109740358564012
  11.914485637428674
  13.585051211384463
  12.695783168171553
  13.305287138949097
  15.517233442928961
   8.546071099074418
  15.081417250168620
  13.689072160424077
  23.637602566734192
  12.796774424327695
  12.648391160703880
  14.262492084654180
  12.407975037488714
  11.228194421935722
  19.349947247682240
   9.112869468549416
  12.597075792089117
  16.251188748756232
  16.206796477321714
  18.034228292496197
  18.077990426009595
  12.138497856519442
  14.092353382402427
  15.911728206271304
  10.930297753703425
  12.882399607580543
  12.073917221390209
  10.667887153619904
  11.888092748657875
  12.070868422352426
  19.045242257267935
  16.794775332913317
  12.517149310968894
   9.460307821647709
  13.570393413688383
  14.172150511934683
  12.214457739672299
  15.748901228081814
  16.694923362480373
  15.831291789526277
  13.082667729273019
  19.645673783088876
  15.632343503904906
  13.292916908062592
  17.688050023611970
  15.026528982005851
  18.211755423230835
  12.511874543185405
  15.529329000165844
   9.553850672417902
  14.635152390587428
  12.187115654281223
  11.752911304819277
  14.885101382318040
  18.808886232692052
  12.179565043304986
  16.494367258592779
  21.280614947722151
  13.650881632888076
  11.231652512377550
  10.657089473691239
  10.597092469231093
  11.834773028588661
  14.881579620187906
   9.814626879872555
  14.531771898006904
  15.655286792507420
  15.702078436971426
  14.369072736241477
  12.113099904837648
  12.006784554818254
  15.510327891876379
  17.772702281023172
  16.743041369091751
  13.833208910268327
  16.683034316251812
  23.394208317519609
  11.452851058290264
  13.959415942405278
  12.167170568962299
  17.437417834691917
  17.029350945143027
  11.959194908736523
  15.182620347863029
  16.389439064157498
  12.032087840540001
  14.630220262672323
  11.345979707408486
  19.292374268832518
  17.192314457899146
  13.975737516420525
  16.253895011569094
  16.157809263930679
  17.359763813016994
  16.172164577080686
  12.223490652093068
  17.829172055673665
  14.198273653585313
  11.227775130736552
   9.259979024927553
  15.570757280410875
  13.134953748654350
  14.817542346451762
  12.652772406731510
  16.105882709110271
  21.888364731110199
  19.271303873972851
  10.021309032480710
  13.051005444109783
  14.250532499151530
  17.003567115987362
  13.307733087281638
  13.276785877431411
  13.360871523890399
  13.701300603854558
  10.705136416434550
  18.586910324998204
  16.808444623699877
  12.525448268520448
  11.661285637597204
  10.814447116006144
  18.750906382158803
  16.649849384417943
  14.593532648318077
  13.402726254492310
  22.944102260450604
  12.125950855514911
  16.857762672786797
  10.814941421984300
  14.380892384088517
  13.402790633953734
  12.178118663778336
  10.559565767950389
  12.793336923835614
  13.656912457370978
  14.138830231767586
  11.369687111016993
  16.493701797348173
  12.588930986766607
  16.003813859940766
  12.147781224462871
  12.052175128374513
  13.826811504890755
  12.237146135444177
  16.941063854901720
  14.813989425851056
  11.804188984860206
  15.690376121724872
  10.968758334831258
  12.736664039150516
  22.145991895820870
  21.701597905494236
  14.489271379407555
  12.237598165714194
  16.224617278675300
  15.060841829292471
  13.852840957903230
  13.159104126075566
  13.245194784592757
  18.806107164200113
  18.839475267222252
  21.563427275093353
  16.862308004474187
  16.874510026174406
  10.019132615572632
  16.687835079555708
  18.264466965916179
  16.723497287098486
  16.517576467824222
  15.583012031450498
  16.074973828661514
  10.049025435943739
  13.218586208514955
  23.603376511207372
  12.841085451998809
  18.127596029158464
  11.410941760470430
  12.362887307566709
  11.939236587531370
  12.500887059903164
  10.802103516174794
  16.725559199680438
  14.231338279412607
  17.152222938937134
  12.960142823588087
  20.793607959013231
  19.446944053328460
  18.399366395483587
  13.038055725305259
  15.403124233782902
  19.711323764814588
  12.681115339063740
  12.102740663182401
  21.510386709874701
  22.329248617927921
  13.526861038935074
  10.590503126754878
  13.273893223401283
  21.039981635350306
  19.665529494869897
  16.814668161665292
  13.296824069231084
  13.599236535376529
  17.005337569839494
  19.207653895967028
  10.685886978872570
  14.252577217792793
  14.239411800402859
  13.207979091071214
  12.743004396020280
  13.760206691903156
  12.991787619909229
  12.204891006116226
  11.579470586107466
  12.064668666363147
  22.049268244667730
  13.137744729806213
  11.972329115529127
  14.153323800523325
  19.346287251894823
  14.349922031397708
  16.952826562132436
  17.010904982142546
  10.658644146174065
  16.655089816976580
  13.660428077590807
  13.224610925725732
  10.677951877766302
  12.582661951859776
  14.734864297896760
  11.256839843514949
  15.852114772307649
  15.270831553794045
  16.662723324593623
  13.118620236028410
  11.785827464092248
  11.490368205011676
  18.735839124648906
  13.231028433941501
  13.924974560582804
  19.152169018783319
  12.181268090212901
  17.412057511890042
   8.526525010996743
  17.665224267094272
  11.305192226463147
  12.297810704023386
  13.943218042985982
  14.887896901676183
  15.695066338298536
  11.311894196096715
  10.766667376910213
  10.171846320097038
  15.398941144645065
  15.759780306239961
  10.129921799731192
  21.610785344161062
  11.314206008800480
  14.470110555278680
  17.350910969939737
  12.975041819748418
  13.608726206798657
  13.710417855257454
  17.643374188120142
  16.922266716632634
  19.848401298476911
  17.325155590027930
   9.526895162869358
  13.539380076248673
  11.044098205979966
  16.298436902732022
  14.103022760826163
  10.673524494024102
  10.170320956996621
  16.018997241197716
  12.743730926438060
  16.646276268679201
   8.940362839737496
  14.754414821755206
  14.055771253729086
  15.899789265890753
  11.439417524673962
  14.596970029826206
  11.600566958807757
  13.336597110989683
  12.714686822027253
  16.726498167135109
  10.503925986949370
  17.978058528202325
  19.233013127245832
  10.359618753297785
  17.168980484774957
  11.802541249436923
  12.712288707699877
  11.211875259503794
  13.508548872074863
   8.667869812835376
  15.628722467766097
  14.997701912563376
  11.224636187677425
  16.578343108922222
  11.299692411857672
  15.685008650669776
  19.351803228828241
  18.018842805230312
  17.344938817600973
  19.276049768867814
  13.327890358242275
  16.284920431873255
  11.503841176626301
  13.520547945084658
  10.218632161579027
  16.856798329138666
  14.989703810307852
  11.503630179174427
  14.253734295601560
  11.680165698158536
  13.425313952798901
  13.138890642941513
  15.964103575350014
  14.569342476447829
  13.211856181647921
  11.133692585443473
  17.913272789265382
   9.690385517790853
  13.053479010541885
  11.741095602131253
  13.957792116072919
  12.543838553186620
  20.056242003990674
  17.700353349849771
  13.934987338940680
  16.294181338104427
  16.851621720117173
  11.983704078422128
  18.014188517977055
  14.523298566637679
  16.712231213301225
  13.082175837009889
  14.368378779400608
  11.172406746948556
  12.516913349771865
  13.547927484189411
  18.578326963783504
   9.343446085523324
  14.376240599668109
  15.413590297272911
  15.651907644502639
  14.803314486992797
  14.072789527159618
  17.693786976152901
  17.899343262744142
  16.629509923349883
  15.457236398186865
  14.846614254483670
  14.788834916369967
  18.880291127468529
  11.912671045474681
  13.478317065125007
  17.597471145821100
  13.492996860529747
  14.490412582661190
  16.905971598132609
  14.009239857792476
  11.667636241195934
  15.333453530188350
  14.418700032449280
  14.200882485682078
  12.043414065494244
  18.544826414576539
  13.033056504149669
  10.890242705359258
  12.642630065395534
  17.977349316291128
  14.765738298924856
  16.527202367991080
  15.147129562721518
  15.321087025353666
  15.325010840969121
  11.654124947477590
  15.277537627081273
  13.942524434454978
  13.691146556094101
  10.294850778684125
  14.342828509352932
  14.980461393181370
  14.549384479960873
  15.711897530088026
  13.018539591453751
  24.100949798576180
  17.795992216382299
  23.824989114636731
  10.994615280451142
  13.126216211289509
  13.742085772970273
  14.173708011463021
  16.079840723442710
  12.167567866213276
  11.355123454785052
  18.171607369491433
  14.188408865147011
  17.214434913479556
  12.211081407958442
  13.184760387892343
  13.859569879905636
  10.793149621086010
  21.196625587596860
  14.077983015355796
  15.564570390193404
  12.296431986662225
  16.397626247421644
  14.266160470858795
  11.855698906877805
  14.196773248526511
  20.700743245638994
   9.781153344609361
  16.354616770158424
  12.836225619170487
  15.535703097053683
  10.108804823501127
  13.347072897072678
  19.357716039475607
  13.360427503517751
   9.506085119977764
  13.259039856700115
  13.806524006851107
   9.656801913256407
  16.095255988803214
  11.122481574040101
  12.608477123165229
  13.108797970556030
  11.531085459218602
  19.232253231065589
  13.266876160707779
  14.281044686918973
  16.427177691336627
  18.320912105383326
  15.642228907954045
  10.507756434108758
  11.735909163100677
  14.245101567403487
  17.492744775296644
  18.685000402783460
  12.130497298162004
  12.181030098351801
  13.178096586923190
  17.889761215856367
   8.743024222711665
  16.309581944598797
  18.626273418497871
  14.885579636520024
  14.224793838556411
  12.299741546816970
  16.858339112157632
  16.878308624208832
  18.135617099748610
  13.326708190393795
  17.666129964482708
  11.203843843776212
  15.447813814137539
  13.106201608735139
  17.446324432781975
  14.295055152335492
  12.210656728527463
  14.462202180770853
  14.292172071586323
  12.914655771121672
  12.002926270714161
  11.142451848157385
  12.614487979929008
  10.875331306479632
  18.601413866334368
  13.190193664866592
  11.576172233555900
  10.714184200468400
  22.498634734654937
  12.815773079585713
  19.198470082369447
  14.211314703533969
  10.625923496259632
  13.951423394629183
  15.718851452851571
  12.315741616205249
  15.459275950285669
  12.780014471289126
  20.320195422189771
  16.616195925362565
  10.088201072854514
  12.238962658744482
  14.647278365702872
  14.564593970919367
  17.313770856092003
  17.235345307160793
  14.933651929681726
  15.784989095226242
  13.541515860307869
  14.750885565951605
  12.512425375260261
  13.384180318055289
  17.708346805318263
  14.880498547990954
  15.875115120434688
   8.583390720596916
  10.556532207111584
  11.875876923409073
  19.113698254872698
  15.002677277594872
   9.315666439846725
   8.570449520258123
  15.428863961586300
   9.816441154764773
  15.247681278264867
  11.153576095102630
  10.107242382463086
  19.808025013513650
  14.882341007096363
  14.926690508006660
  11.908053248938266
  11.588300796759266
  10.869613027562726
  13.072902006211610
   8.747458689291297
   8.729112777058259
  19.146994545158430
  11.621078599763973
  13.047108317053021
  12.692323446716628
   8.359791685008414
  13.826456454343398
  13.050047247899088
  17.499516595722842
  19.724332587036662
  11.298643117452320
  11.564494850512242
  11.499393563217734
  19.662553770167391
  14.049464676779458
  12.125207087449536
  15.654566269568613
   9.949213729588042
  11.236604103167907
  12.327563037383620
  12.130553788141164
  15.663901678503760
  14.087209026456779
  13.914423558750212
  10.871661480430190
  15.966188075185163
  16.452210710934191
  12.060917248500543
  12.674950242786827
  22.982932739588149
  20.699993006990317
  13.985525381603457
  13.830342834154479
  16.340180707252102
  16.030994094471804
  15.939034660915273
  10.632496984462306
  15.777770054254441
  16.823287707955451
  17.800445558083921
  10.393683031865640
  19.170831726470848
  22.868013936941487
  18.613369146313560
  15.982544393680984
  16.052589974423685
  13.390757513189228
  16.294978014002925
  14.627150099638754
  13.149533303426536
  11.934824195564777
  13.663652804518468
  14.259112885032315
  15.221729787284639
  17.004396418340662
  20.143757026555850
  13.516791165251097
  16.412920645974747
  12.878861460204508
  12.666881265491128
  20.658513000767766
  15.341437474901898
  20.533450400652315
  16.377927484997088
  12.831005126985498
  14.391153121625069
  18.272322861713255
  11.901329067938655
  12.298613148160819
  15.822067020691920
  13.270708071090539
   8.524529200860800
  14.670241774350890
  12.040644612496200
  10.270008268501848
  13.426060412941631
  11.590137761751831
  12.514079851147491
  15.465570865108851
  14.040692941396738
  14.218524887055119
   8.487908992027632
  14.240709342144052
  15.448896732860583
  12.539241059718941
  18.066380254619006
  14.259111821306403
  12.949287330331933
  15.939803936200453
  15.750196592889266
  12.251877173832795
  10.965536741432911
  11.517211358225989
  12.201960951624425
  12.404742468241530
  10.834343927242906
  10.911241318457762
  18.881479027858354
  13.926548421336084
  16.538733543975851
  12.123837527542249
  10.076514965456477
  13.325188538213033
  13.330633395555241
  17.172235264240753
   8.815667846867619
  17.395190134431629
  10.969606881256862
  15.153091715318912
  13.218599777574558
  10.213592610327560
  11.350893622676795
  22.937087474741091
  11.832914983303141
  16.227793410079142
  15.935853102220660
  12.661709009578527
  16.326069052150106
  11.840835304799337
   8.615375664913402
  10.973380130102892
  14.130694514925280
   9.056272863117664
  12.776420563446882
  14.804819122089719
  11.381937432732707
  15.338912662450127
  14.181167307505978
  12.572502102668860
  12.307283213101864
  19.138244840670064
  13.193674666116913
  11.727777589702627
  13.880369608886137
  12.627675559962456
  12.828306910348173
  13.730836801040932
  13.182627254970754
  12.580871272059650
  13.519139954556712
  16.100673664326599
  12.238213820012253
  10.340012581797453
  11.896850916237546
  14.144380064181183
  16.432120178805009
  12.497859543411430
  11.460681250197007
  16.042649736843383
  13.226804517835958
  15.232741213201202
  10.521975229903936
  15.038729708391754
   9.661583641606653
  11.174475068300879
  12.575306784985539
  13.067793455158876
  12.862574852349082
  15.389212529925416
  13.539208102229915
   9.438128911540858
  13.677716991563885
  11.822050484365285
  11.985261298409496
  15.819176671903100
  10.514158317091287
  16.108435780876189
  12.719468300579656
  13.732011305019283
   9.356581440748599
  23.693483459681426
  11.257312261862098
  15.762207798019897
  10.866332785539269
  12.779087651559038
  15.830110220180977
  16.384600013089533
  15.278564193013201
  11.462449235041936
  17.018545553748126
  11.126888214726513
  25.299231150991070
  13.301903215986512
  10.528902664063004
  12.414364043577547
  15.247540985993621
  13.099939314176875
  12.767176273461054
  12.658669964995512
  11.030015858977341
  11.959291929395174
  17.314750085950324
  19.302113958733615
  15.045878781303197
  12.781122166273949
  15.534869126799659
  14.043803600117500
  17.002326276851074
  13.995734256195346
  16.640889450678555
  17.704614128516001
  15.815717665053721
  16.598236526387955
  14.105820993808530
  17.961585819552845
  10.096795677061823
   8.203693753703100
  14.069537177196287
  13.612744929951152
  10.605299646710001
  12.928206919151195
  17.649921088278643
  16.680462057258121
   9.306432422440045
  10.831405330991536
  16.980390954751150
  20.167193208846900
  13.043909634976708
  19.626691037055191
  12.089983439087077
  10.971547097735227
  18.826172840218624
  12.530400048544657
   9.712549378775500
  10.386537623287665
  12.401284862059015
  13.156109580897963
   9.112917613231559
  11.070295415294762
  15.387209319995869
  13.245886011803009
  12.386098650479596
  12.477383417585772
  10.346089027211314
  13.426993034900678
  12.764442311347901
  12.845249931533407
  10.082606475122448
  11.258056195807199
  10.677615578300486
  18.554148311005116
  15.050753472164681
  11.293046067154828
  11.784885995716032
  14.125557443559315
  11.650544824303814
  16.461358026639896
  12.600814015223301
   9.320459318795454
  13.232835169745576
  13.059015542710855
  11.746643385553728
  19.789087581208802
  12.975968962897584
  12.123121241380535
  16.781196038788781
  16.987383859559338
  19.533923217125279
  12.511754224650360
  14.012782197745872
  11.449045000143361
   9.742662217580270
   9.188344461478848
  14.231159760833035
  16.168412719320018
  11.869260626680256
  18.221079553539275
  18.316562617511155
  10.488532994227429
  10.516266624129149
   9.373611458883360
  10.534335347865119
  12.592337296223995
  13.601220488762385
  15.260837825791541
  16.879802018912320
  12.634903880199550
  14.373952681678358
  12.138668718865893
  25.929270319567370
  13.999666163566617
  12.525007016262090
  22.179870812985582
  12.915550104816225
  12.115855927518746
  14.037706493704856
  13.298480260033209
  16.056219385902448
  20.015586182317643
  16.836084450525748
  15.422589835356565
  12.392783736325703
  10.370261366586211
  16.443478380548544
  17.483275686063703
  22.834702662580658
  10.584840171971744
  18.984455204356316
  17.427257625499446
  11.034575368159359
  16.096021794332423
  16.531000873821733
  17.968253359153672
  14.340664981457526
  13.047498235386360
  12.552415400046405
  10.860686617913047
  13.558309942718813
  16.927973052036412
  15.128546187886452
  13.002911757631935
  11.483022357450133
  19.227744894684513
  13.913190347584923
  11.510431268243946
  16.449701454716861
  15.419719876612324
  13.241520262361870
   8.660124575859844
  13.146033026964838
  18.351900626172721
  10.721211481628617
  12.058307867262541
  12.249934867802085
  12.947546687843530
  11.622204735488630
  14.611302027441871
  13.552851731858910
  13.075250272806104
  11.185462666179660
  10.814925291408499
   9.201876600049965
  12.726548343886565
  14.878533977523402
  13.569261890317263
  11.319584518355383
  22.645405907275038
  15.413967325727815
  10.135923458464939
  14.078488168073782
  14.160297388085334
  15.125851881121363
  14.899539345130417
  11.647942042663381
  15.116619432869799
  12.247356011765414
  11.246191569259100
  17.222690980049508
  14.237006823664468
  17.367597104296003
  12.987354695330215
  12.187416389287424
  16.622271138366100
  18.361225691282204
  10.766163677668411
  11.774476198758008
  15.554391633159048
  11.670423423075505
  16.078738444623433
  11.533917141083119
  15.524184027548957
  13.774081931346435
  13.133106564141809
  11.097736899420312
  17.541633507849209
  10.891609306621867
  12.028638999187559
  13.095736253303151
  10.885898340553081
   9.077772484470716
  10.003742770493828
  12.213885823181425
  16.868263708886148
  11.553193908934597
  10.960310407446544
  15.580821410772457
  15.687729451333682
  10.848525460004532
  16.574490523896733
  15.148642861031118
   9.112347461098420
   8.909208732359114
   9.627680692011394
  11.661427136774012
  12.313885082511294
  15.523309717643627
  12.753056213998611
  14.079462883792430
  13.630272981097971
  15.141849375272882
  11.709956427284724
  19.229218841280819
  13.979521897535578
  11.920859086770031
  14.373815359778031
  15.089611409256925
  12.297306536012039
  11.921037535716022
  11.422231100881774
  13.410021013530519
  15.137657055184075
  17.299706188908922
  13.323789808818801
   8.402287751391998
  10.222391666363630
  17.191748627406551
  14.453537212136209
   9.207481065343702
  10.160382466829592
  12.887118706701071
  13.407244319476940
  13.077779047629087
  14.382437252258293
  11.672120932846345
  14.194518576953954
  18.269704070367399
  12.516621036864127
  13.703260890930100
  14.377478354472920
  17.215177067734633
  14.026637839684545
  15.610346605524432
  11.943587331659538
   9.861654489741302
  17.320269119958788
  12.360733634239179
  13.996493393956746
  13.512624823626206
  12.363714351534123
  11.954009067752179
  10.351452223925498
  19.340537878874083
   8.852908271687102
   8.044691845885854
  15.883054786394357
  22.366407714468081
  17.099255283559326
  14.573669857743839
  11.955598716582508
  16.266832401840633
  17.985419666831643
  12.309426171799986
  16.336130364869605
  11.548191968374184
  15.316820343479189
  11.342193253299803
  12.734543545953456
  14.585979068733280
  12.926656076810768
  13.143428381155771
  12.556328993519039
  17.750427804877250
  11.996632575523635
  10.242898055186353
  11.820071111048535
  10.524666189161710
  12.330357297666918
  15.620330740760031
  11.054122574713206
   8.664488181530441
  10.161457952347462
  12.213747710972724
  11.338503024204306
  21.301446061379539
  15.466869407545074
  19.519695923665336
  18.333368631737921
  11.637507625658666
  13.504968246791706
  17.591907881247954
  10.456380519254220
  13.060975224799861
  10.956391185088604
  15.372957217036700
  15.110386928477027
  10.031447541596985
  11.908907882546024
  15.171693902301925
  12.801967881308469
  12.332838989982821
  16.440607897994698
  11.758481215268831
  15.372201317102056
  11.913824862317967
  11.985806518226272
  12.050981142250671
  11.736363106490522
  11.745599689788016
  16.582489830000521
  11.659086549728244
  13.793995441983121
  10.941475073113782
  12.277511145176631
  15.990105286923162
  10.753813032547244
  16.183117363122276
  11.402039049541613
  12.677908248336989
  11.684292608742646
  12.055925554634138
  16.398885593588138
  15.705189674570938
  13.392569374884489
  14.835571958083893
  13.213943564481640
  14.310560340804750
  12.512289928899851
  16.681900746210008
   8.049714537699177
  13.978212115951964
  12.207936964177620
  11.240292356179040
  10.035236913598970
  14.136816344598278
  18.139382951434195
  10.460839889559356
  16.120018249775425
  16.034829478997341
  10.842809206695151
  13.949017312025336
  13.887798273729485
  15.662891881999039
  14.919551703529845
  13.475056489961551
  11.532153367764713
  10.641065314742307
  17.968704080104785
  10.601063782421961
  16.163100433367267
  12.111799340115159
  13.589342652098637
  16.340095269799682
  15.429280574522553
  15.209569358005386
  11.055799321280903
   8.102651594792984
  11.980770371331747
  15.041065566712439
  12.224185138057560
  14.003144208877601
  13.279156302084779
  17.218455736006624
  14.789335202742837
  12.858935723051158
  11.536821679205600
  15.597901773323663
  14.815026230863290
  12.018361515457468
  15.596519080734023
  12.552178826323050
  13.314117063028817
  14.548902422635955
   9.596764376441136
  13.974738407162905
  17.731750889580330
  14.699226905366046
  11.645785903448271
  12.174153759947818
  12.912445880788962
  14.125691981465484
  20.171122958974643
  12.074741864443686
  14.504765022741341
  11.075031702282784
  17.413768637729448
  12.620101643520570
  14.936839434507648
  11.912899529692685
  15.093540682021639
  14.983591810571146
  12.959818912918474
  12.700632172813798
  14.079944073169040
  17.607484021790787
  11.775406999709461
  12.761794509467433
  13.876491067668705
  12.542805326715058
  11.239761609089047
  18.861788454737827
  15.555019156846578
  13.042626734448912
  11.579097643503090
   9.626580094034066
  14.908793763992467
  13.084077052953705
   7.862081384020376
  17.607060720923404
  15.191985822393011
   7.984909245931625
  17.439792729433184
  12.904505936452165
  14.460913368723374
  13.278980360408006
  11.402684429524206
  18.286218645712527
  15.375652587004314
  15.269609032399720
  14.020404862067931
  10.029471740864099
  12.005050886132376
  10.928505035130327
  17.070691953168912
  13.834020369176130
  17.340184294252263
  16.567321917931813
  11.230858335004825
  17.174813787080677
  12.596496179551280
   8.134703518326707
  14.631179532087467
  14.339014308796598
  14.104349211898319
  10.944250806117558
  10.026864016748864
  12.318068801813874
  15.769915594939037
  19.837866803825576
  14.524637180828969
  17.998066708848771
  14.679330825649134
  12.980524775618104
  12.336783205524610
  13.669330982492110
  12.286072537919757
  16.457139032851583
  17.552379512889868
  13.962675330472687
  14.828333099782657
  12.341674106681589
  13.166279990265580
  12.558093239826834
  10.547028878947091
  16.491078170559912
  11.896504301995655
   9.154561904156141
  13.025212896198882
  19.857754962565025
  12.361645596464777
  17.501430899749287
  13.342413005694696
  12.956234108357772
  10.400620875976826
  14.788356598468936
  11.370986201996936
  16.855930344806541
  11.298996618421178
  12.580067667504091
  13.164146126617921
  12.977642758751398
  15.462673259854868
  11.459199723891379
  15.945566643414496
  17.074409150618713
  11.435057157231384
  16.201522860112254
  18.419252975532324
  10.432282926293128
  10.158483017977900
  13.255178657032595
  17.740817862939719
  15.954977065405821
  18.570465905246940
  10.717950754198505
  14.599923381841441
  15.213012685176868
  13.304094760569764
  12.239110627931917
  11.756403984909759
  14.590330525073515
  12.296720961145955
  11.713191738523024
  13.488275588091627
  16.448258324327778
  15.010838695160794
   9.689322116395329
  10.342492809873935
  10.417204786064660
  12.303132775909476
  13.088649980946001
  18.153579228178201
  10.440046750374403
  12.317691821684090
  13.586121428622893
  14.657923101159971
  21.223445955121287
  12.829708371137385
  14.338243588483844
   9.273500265163145
  12.147776836549871
  11.772451317717228
  14.298615928669296
  10.167324756048221
  15.438319396981206
  14.248269512239005
  12.605354549807021
  19.805823082440309
  13.680482399846015
  16.110007480787678
  14.590641811877205
  12.240880324770533
  13.084603330508231
  12.383346548051990
  10.638145489228386
  22.623499220915545
  11.598227074312859
  14.449504217522152
  14.171504857708913
  14.506296796033377
  16.631294924896610
  14.486084728610216
  13.060595311288882
  11.316080764414187
   7.783270170881396
  21.679887082984468
  16.217027499357846
  10.678002727217023
  11.486627583240455
  10.692686991495784
  12.352253389033204
  11.576683846629840
  11.283183448507057
  15.683924252967703
  15.951470513780646
   9.929504014023993
  13.316194903169490
  16.627053558653685
  12.663426460727475
   9.772593599591989
  13.776174436666699
  13.284691211347294
  18.566156596266499
  10.453407259611045
  13.244058708679747
  13.912459205798571
  16.935375098289032
  14.225339910094181
  11.584334886694358
  11.777031553915691
  17.639526741723132
  14.714214215165328
  18.357748931283280
   9.710817926571132
  13.066698841921741
  15.222291166795773
  12.827803274682019
  12.642177257215100
  14.052754158568012
   9.328815130787910
  10.798568932649146
  19.649949376966937
  13.917688739136779
  14.806454657778883
  19.241306619238755
  20.689708708441066
  10.685140606908679
  12.623738548868228
  16.526723172712624
  11.854898113465013
  12.978756277131273
  14.750475748215521
  14.568463454591441
  15.002919214032714
  11.362862493467179
  10.392142511135844
  15.814336581479632
  14.813636694803313
  14.103606725300756
  15.155339569543183
  12.273089187615200
  10.978384936920521
  16.142536531036922
  13.183627918592447
   9.647845159582087
  12.840158890234867
  12.584350813101845
  14.872778775108056
  14.353321570457791
  12.203116840989422
  13.972984569322308
  14.878490514034947
  13.160305538329827
  13.252435232272182
  14.222950420447171
  13.506943494848888
  14.103314232172923
   9.426661586195673
  15.843901212538903
  13.448735840498377
  10.891430907433998
  12.139791422052971
  19.345501367825108
  11.755841839359831
  11.719096857029718
  17.414842231753715
  19.188365824340994
  16.234168866483729
  13.118836313371419
  11.737474421641735
  14.702946060449908
  17.385404509811756
  18.420208084009541
  12.886618549772408
  16.993065701595910
  12.679813737156166
  15.165033245134851
  15.107656611758941
  13.551984669021395
  15.477258453102083
  10.862560338327914
  16.171979894663371
  13.808354938683824
  16.158642995555407
  14.109354050444562
  15.603686936404089
  12.312539909456122
  15.410460722700497
  11.364066523526694
  12.405507774476517
  13.868591842195908
  12.183537531476946
  18.361693351212797
  12.641467188846779
  13.675303243961190
  13.010323139900040
  12.294527420409848
  24.398363132113460
  12.652313125347660
  15.150538653236571
  12.722157729046912
  18.606204608247064
  16.251033033729335
  21.559079203404401
  16.760316255318169
  14.941952902573240
  15.643189380015958
  18.910693936218409
  12.425616986157302
  19.194056729368701
  10.813415985253609
  12.251983594943017
  13.155125537178499
   9.963445307493256
  17.586715830791195
  17.719515757021754
  13.606775124887505
  13.950829982469817
  10.545812600549059
  14.715330158930588
  10.871540053891701
  13.239865149692594
  11.780008424234926
   9.951658768872507
  13.461072961685253
  12.022313264276767
  10.328487716123339
  16.613406227278052
  17.711241400898473
  13.927547529338365
  14.394667020672137
  10.655495195496632
  10.458906796770561
  14.168172593783729
  12.919487938637282
  14.779312595815262
  10.290427684508364
  24.208315797382526
  13.392229413472680
  15.405320313107154
  11.661416511938005
  20.468741750420875
  11.691886069075170
  11.651837465561459
  14.981810669550365
  12.333129864604706
  13.569980416486878
  21.865094689239654
  13.897861522587829
  15.931249463382826
  11.889486991516920
  17.261982060340473
  12.374381492265209
  13.319588884182042
  12.409097188225742
  12.897172120835487
  13.551850675674138
  15.503231601233607
  15.275461173202239
  11.695081753519737
   9.561062931501052
  15.737376556453577
   8.047650332030599
  13.031181200689240
  11.879707127265121
  10.285031509670941
  13.072920273359207
  14.739488155111990
  14.913544108344187
  13.398330567314155
  13.603551542671141
  10.680268438656071
  11.572660573433645
  25.425941193888429
  14.016398637196240
  14.841446887165292
   9.893115399058846
  11.363593221308042
  11.154865225203676
  11.795034245964488
  11.889387800342762
  10.324000690730439
  13.293407993454620
  10.920024885453254
  19.215468696644505
  19.022686614558628
  13.045619755256072
  14.054844714093562
  12.014440885377399
  12.129248686325397
  14.364482297724979
  12.949690664425168
  15.047700118240539
  13.416739345345833
  12.042245570208497
  11.853103413347709
  14.170160168918003
  10.661043495565905
  17.955082852346753
  12.616044544851593
  12.256029277133971
  14.677297090742155
  10.901311598758196
  17.088822102290890
  11.691106696476971
  16.547768942200867
  15.304236631504093
  12.249885503362866
  11.555424676186609
  13.078691328220554
  11.946573639431508
  14.092416735191005
  13.277992104027180
  14.390954074888268
  13.498888341302686
  11.150761345383746
  10.835272704427215
  13.460457405857881
  15.653357876548454
  14.411297861464783
  17.859442662425420
  12.784901243432675
  18.664532933520192
  14.045371325814865
  13.842658075415730
  11.586417565511067
  18.239277339872467
  16.947587938419000
  18.058662595782312
  15.863815173892493
   9.365931504516962
  10.448950272595703
  14.048999181208528
  11.315878208560344
  13.279970568412876
  10.933607760822404
  16.896898916626233
  13.124522800636387
  13.222838245665278
  14.507967133831764
  16.957340305477925
  12.299336355940407
  13.289368633608306
  15.598515688716382
  14.411332767486811
  13.875970695221765
  18.757050285170441
   9.583430930399377
  15.076349611487047
  14.652167522105536
  13.241080615906144
  15.121791436680941
  17.268825882263932
  14.470426265448001
  12.985847200498311
  18.073856745866208
  16.335147664904773
  15.431794476650161
  16.662310191777717
  10.296772303554629
  10.677821155345225
  12.055653047068518
   9.949664124887814
  10.933248026482381
  10.150014631210867
  11.692906278810588
  15.914989767989850
  12.218915784082243
  10.836704483759075
  14.264834938252526
  10.528752484924634
  14.899967927042055
  11.907219308158652
  19.514406485255195
  12.283238416734224
  10.210176002452833
  14.956117731592618
  13.795031216420232
  11.071765956769447
   9.837246978679083
  21.720351877740378
  11.561625948333918
   9.825925447893953
  17.495502811948936
   8.650253737050324
  11.840664054646637
  16.294410861485895
  17.163999498312797
  17.446756686090934
  13.996232430456499
  10.350566555802962
  13.744386189531366
  12.586905586804398
  11.441113078296305
  13.402167809118383
  12.026910648090824
  12.773781334461672
  15.482691184498691
  11.212815291636596
  16.884834659357610
  11.475489865775509
  17.814451474097120
  14.008691797986092
  12.871357784967684
  12.262676810651520
  12.797266334857003
  10.560337745986565
   7.163443524426268
  11.215000393815936
  12.542198552618269
  11.202576230335992
  13.925756079441039
  12.680292062256956
  11.656246293508119
  11.921438561607217
  10.215751265262868
  13.295236610332696
  12.920546255201085
  11.406089302544859
  14.141873323750377
  12.203275289914654
  11.652696045082131
  12.988999416793307
  13.097077727087871
  10.719934047115662
  12.700654032309636
  10.984279846988986
  12.190149265909775
  13.146096662930205
  15.257854756203752
  11.849513453804544
  11.276530267607194
  16.854254879174011
  10.645720709192088
  11.113934459424648
  13.126933973651049
  14.714539796404283
  10.841467126506294
  14.505827206105997
  14.417642268654760
  12.131436480167969
  11.624379247110012
  13.272821992805626
  16.080523747086915
   8.650463139129524
  12.082141219048837
  10.583993246455827
  12.311669202237885
  17.680734560676699
   9.916999882947517
  14.225337642356518
  11.111743162439063
  14.888641623627882
  15.337097314299176
  13.199393408821235
  14.477615526314387
  16.143858761060207
  10.385134849137873
  14.837728105326439
  17.875554334135151
  13.602091699785330
  14.351971730386534
  16.883660410327168
  10.673577939380994
  12.513413667735864
  15.332135767108435
  12.821827531508504
  14.042221960254797
  10.140675941806301
   9.669086954664203
  11.528564254313912
  17.218683838905204
  16.822879678629910
  12.685168381829286
  14.460395884980220
  10.074969418508081
  13.268426756007422
  13.546955378263997
  13.424190170491985
  12.001230360764841
  11.239221163488174
  16.449398689561167
  14.974045001822363
  16.244861697721162
  13.967258423053659
  11.691273528711330
  16.137298199067233
  11.814448428103405
  10.081318689634753
  13.438986107157833
  14.462970634843874
  10.644097444725628
  11.485414911535023
  12.244097111081972
  12.204108557921883
  12.792173225758028
  14.441571897762885
  15.127772364421575
  14.120105966446718
  11.113892458970050
  15.639054052854750
  14.572231201637355
  10.254506496863828
  17.153043448263320
  10.886762753027409
  17.037310181657181
  15.034687692157985
  11.421542858177245
  10.955387444714818
  16.046010358465320
  13.580034882053491
  11.079478710557006
  10.582161944639476
  12.649560646302203
  16.881495268989523
  13.149474282929358
  14.073423684544707
  16.394843044486855
  12.505541093655192
  11.498163788964541
  12.485583462693344
  12.032595595606536
  14.164280592870688
  15.999738782486991
  10.905054257813508
  15.470721419496744
  12.745222405724152
   9.547835030320750
  10.995328177588865
  14.342073962538498
  11.084426769036932
  11.608966587238261
  15.212444416393501
  12.496727469612827
  14.885105924785305
  14.066405293851317
  15.922283455321162
   9.982840954000447
  14.193315092937984
  13.720146767543140
  15.555686349297274
  11.694100559459098
  11.859917609635186
  11.314085420126866
  15.097410076070006
  14.581569162224458
  10.475551548258296
  10.696837781671468
  19.091781137873415
  13.656876794016773
  16.709299308789330
  10.769761341978757
  13.848229524894677
  11.415455659270186
   8.552226723355140
  14.724141166179465
  13.397535519890387
  11.489751893476239
  12.672145676480017
  14.073198376226438
  11.159903001379920
  12.844098085502067
  19.232096924870184
  10.957558431631882
  14.313240859206556
  13.280207899300541
  13.145803337540928
  19.057686157953346
  19.085549195868444
  13.630860021441060
  11.832430128279049
  14.084297928284678
  11.849563323800791
  11.727568231953956
  13.073358257160424
  12.200093520043991
  14.699213551763780
  13.259329830486963
   9.059633552345483
  14.475717399510342
  11.566237460491015
  10.496230700010546
  13.826423035108208
  11.357270742692625
  10.853802669040754
  16.741307891909939
  12.229436026277904
   9.634773927913015
  15.621302604778129
  12.802226984322197
  10.462857680163071
  13.078607297152945
  18.549339354887786
  13.872430206316298
  12.172799837065873
  15.854500386112658
  15.879521673170207
  10.005831869858284
  11.176458428271219
  15.346802216445960
  12.434495431585263
  14.217465995252237
  13.284299752532257
  12.673996190654344
  12.306463706066810
  11.618940851424725
  11.149846615863643
  10.505671515429258
  13.886370543425552
  14.974323654350513
  11.590179143101944
  17.579497431905027
  10.881007532020323
  15.438647538355979
  16.296243939043724
  14.508313975789344
  13.182638569848313
  11.329486790677132
  10.158061150293393
  15.349582311496030
  11.186507364462491
  13.568040529117726
  16.650418228788792
  12.350836430023556
  14.813281189308603
  16.283917007848838
  14.593410126712431
  18.554758115633029
   9.747736319150779
  11.153501598736002
  18.850198254820568
  12.799060891683060
  10.275862185009010
  10.042310554102137
  16.165196291652090
  10.183985939100853
  11.432260128240481
  21.005606611157562
  14.127163938873192
  11.530677652698745
  13.191066968949204
  10.003652787671520
  10.503958162036002
  18.904548325139049
  12.127328023229462
  11.762843284839361
  17.287994019003940
   8.131735298536093
  11.974181251335644
  12.110870309142018
  13.251982753864418
  11.623018848455238
  13.714374570506692
  11.415023970620333
  11.351411650797707
  13.328571077303309
  14.650990568774681
  11.367149444212917
  13.556111541008312
  15.983554980610863
  19.343659771225764
  11.359863564772417
  10.227244814255425
   9.503264018002762
  20.044726087018269
  14.474089911395740
  11.476924134028238
  14.083027347440563
  12.657695064971974
  12.095284302296480
  11.897662686583725
  13.710788475683435
  12.079528211280448
   9.357134305078167
  12.429227947270967
  13.659390581345169
   9.989899382963126
  12.873178442806107
   9.251132799867719
  13.943784656982604
  13.571364497489131
   9.215783243971566
  15.580941891805235
  13.003193561039595
  12.476064424483168
  13.396223031018045
  14.090982420788781
  10.870502893605868
  14.426081766352197
  18.101638146014861
  11.388203088077172
  12.474366790776280
  10.084276194338997
   7.900862355279586
  19.005375989976636
  11.611043063851527
  10.844573625066949
  11.163478121732287
  11.622008294756339
  13.484792959332505
  12.849846838323450
  11.379775867645625
  14.921533507294606
  13.676097403382212
  11.244001964235312
  14.662526840111052
  10.190048541528318
  11.791401480923955
  13.421672004576627
  16.262396239031973
  14.729220604332638
  14.522068443226641
  18.202813830405606
  12.443929146612799
  13.541144144603019
  13.157422403173920
  14.169575563791696
  12.287002927620454
  19.321024055912846
  11.833730767060672
  12.910331708352002
  15.990768609483411
  12.746531746178676
   8.570112794769041
  12.960335962826494
  10.541321907918873
  15.639743292534188
  14.272561718899457
   8.987672787715601
  16.371448776743908
  12.946628982571263
  11.653205455330771
  11.730209887858402
  11.137826198398381
  12.900630202358515
  10.495987939816788
  12.208927340706816
  10.704016641686582
  11.890651188070967
  11.863466652017776
  16.855309284199293
  12.672528742025416
  13.377320926570812
  12.452650344360592
  12.443629807088698
  11.441726324120455
  13.412643062869675
  12.959681912906632
  21.043345608189047
  11.068363756068525
  12.816736628262746
  13.309475184388789
  13.743108693267706
  12.209437561015430
  16.058511900848487
  14.070682942930133
  11.443017966102432
  12.440704698665836
  11.950678809864684
   8.707229696767357
  13.119974256353798
  10.996947548574601
  12.743446097093670
  11.581765703941156
  10.631117953865703
  12.633831129570405
  18.360819557002603
  10.931256375161597
  17.522651348623936
  11.836972739363490
  16.841562079935942
  11.139170853552321
   7.970103696391372
  14.939689091272601
  10.839900500630529
  18.307757092679385
  15.053111682184650
  10.628218099732020
  16.536937770378476
  13.265582075535950
  13.918731123292011
  17.545274322206450
  22.178226975808676
   9.287211130442582
  12.050820977193415
  10.652603284040765
  11.405592979123223
   9.251774835839412
  12.352959446055890
  10.984020350700558
  10.298392443523678
  13.208572675853587
   7.867205728487486
  10.272935808889460
  10.946719656058010
  15.147844979033687
  18.149122911826113
  11.026526487932705
  13.827657888030314
  14.044815256971926
  11.594579167875497
  11.792624575654111
  15.040256101349863
  15.773308820826230
  11.295221166288664
  12.514149821609980
  10.896212245409141
  11.860847770693456
   9.529752816124578
  21.971942138349917
  12.720656809080147
  14.288835917330810
  13.750287638587012
  11.284692310563382
  10.906229372952485
  12.630437179713979
  11.123674080401169
  15.263870148488768
  14.125674247738231
  10.843313004829551
  15.032513890408411
  11.454727291071826
  20.617010164500224
  12.094902390020641
  15.610309134107028
  12.641645281724121
  12.937640855898775
  12.403147257118945
  13.039981134168518
  11.230866718353928
  16.602884368525181
  14.774915636022778
  10.713054105109638
   9.730095029881511
  10.374743221245336
  14.109417102959377
  13.885763159080107
  13.566168837691675
  14.409164728087844
  18.731649765917167
  14.705655963388452
  16.441900288805106
  10.659369161559134
  10.616072479543549
  22.829534559777233
   9.771634120923157
  20.647273278803906
  16.086912875923328
   7.445634581488722
  13.707522952233933
  15.300251116545018
  16.549938654398657
  13.563294193517365
  16.612637711965178
  11.959019773101722
  18.927007723982604
  10.548320051045335
  11.317650631123255
  13.351491519063814
  11.315643980890773
  17.688952382373599
  15.254099382943866
  13.385361658069172
  11.845823437888322
  11.642464042083363
  15.313003116680227
  12.127228534631445
  12.555524032746252
  14.312638270843897
  10.763251626435367
  14.821075834127939
  13.092047747493056
  14.576549737419734
  14.280350739371067
  16.146265021715870
  10.461186031105990
  15.567773459484091
  10.249548802718539
  12.487133372050464
  11.340962000461598
  11.336350515710609
  14.643280595137214
  22.001923564285252
  13.744119812100215
  19.530622270742440
  13.871982522914550
  14.516407423849839
  11.656880449530936
  16.141203743132053
  11.940461379799555
  13.418468140001702
  14.938729657218763
  15.977118249035770
  13.789782419750687
  13.746818272020263
  12.317307656456267
  10.181934609960097
  16.589887391253680
  14.576433135352218
  17.281008024264741
  15.302279985514065
  12.738044962237705
  13.678129518426761
  16.224232096662233
  15.494622877726523
  14.351287788377672
  20.151286438415412
  15.257817843536542
  12.281845676711706
  11.839068551496401
  13.474975861044729
  15.228043810619607
  12.558653954259075
  13.263528720190586
  14.529464539479632
  14.001754101057076
  20.826369269504261
  13.811080204520985
  12.840039898568422
  13.268026623147923
  13.270093585047196
  10.190948897517726
  14.548735001962696
  10.387862172210028
  13.754596177473783
  10.414306995486506
  16.576269653936705
  15.961473972519992
  19.349119194934825
  13.307338389680193
  14.495188133702075
  15.103949169335834
  18.426265844963418
  18.154461947772937
  11.214728589203142
  12.551122540172394
  16.353144284307716
  16.643487980137288
   8.609941988764909
   8.885045174009105
  12.425467018680508
  16.343226406620778
  12.831127671994637
  15.430258090483045
  14.892217494888247
  14.066775435363975
  16.644022165820064
  11.370965795774625
  10.441188259684301
  14.192525102933805
  11.559835908344812
  17.701626055760855
  12.953677484303012
  13.919611579857453
  16.226639955903000
  17.365597971137785
  12.094624696921557
  16.135632591323938
  17.349194283833770
  17.040445482025606
  15.192312329830228
  12.292585708975804
  10.866572865776970
  13.589346564285849
  13.509758603222920
  14.442204141579178
  11.127362904290485
  16.720886567066787
   9.692510786371086
  15.186484400165764
  13.644310148161886
  13.643733664894280
   9.921564272992251
  14.544674294354379
  13.604471379332189
  14.511858993490461
  14.453840460493665
  11.770995846260408
  11.125943399427843
  14.870255075638025
  11.271678704139698
  12.284211926456082
  10.264243267339002
  14.862477662332803
  15.862264596177311
  10.069687949713010
  11.202652249765598
  10.968864477434370
  15.335104616501386
  10.697065288699694
  14.417366057012366
  17.668787685534862
  17.972641027741834
  15.873945456031648
  14.531498617813532
  13.304314292133514
  10.116623684741212
  14.780868234282281
  14.650011291479074
  14.655796666762666
  11.566139100597463
  16.588456565500109
  14.712272969033616
  15.476570055925447
  13.551513333632661
  16.728321712204761
  11.248513591329006
  18.886777343420279
  12.960404026130048
  25.904953570267374
  12.348303044537867
  16.957594961103097
  20.574690627018199
  14.516528597702786
  10.421624734002340
  12.371879341841646
  14.765069058476577
  10.671834451241114
  15.409866993366658
  14.998974970337501
  21.543191400199345
  12.183268537046158
  17.259795487468584
  17.437320793546089
  16.939309139315540
  13.660947950512456
  10.369862662610428
  11.603229366102114
   9.846274430635866
  18.934433707688182
  18.314678991798907
  15.305101464735583
  17.888490888730178
  11.402729766662817
  17.972963743746297
  11.639424420413077
  10.958157299559201
  12.898756339497790
  13.641307298201508
  20.733713339704743
  11.081099022895278
  17.673566086679520
  11.152976754021369
  12.547803290906497
  14.980768213400364
   9.415642934117116
  13.484479113161423
  16.265378099437208
  14.752251212977274
  15.629090328374818
  13.696004210637073
   9.193760156894279
  11.882497742799163
  12.036592334980078
  16.318588575488106
  11.688059025955068
  13.425556911463194
  12.803598673905415
  12.650751118369436
  14.866592883215469
  12.592334488940587
  16.147405112547544
  19.806923159310759
  14.002378833583271
   9.575314541951283
  13.072441271146534
  12.524841664237720
  17.013254514171697
  10.769256902631467
  12.353250364516188
  13.818098212575348
  12.823481384850609
  15.260280927964555
  18.577034964585216
  12.188325566607515
  13.940863157745972
  11.388053542424772
   9.624330933389894
  12.708094622152046
  15.682267630799825
  20.087466809348922
  16.590921845992642
  12.240883665045051
  11.809853956443641
  14.549924001603810
  14.466924304815410
  13.864005082087539
  16.508495189113439
   9.271979130583617
  16.998994825350312
  13.127640804803660
  18.731420828457535
  15.309234626658333
  10.057424557427927
  14.307351794104165
  19.039797469590278
  13.450281853791572
  12.074085004330722
  16.068995437773734
  16.670456328052188
  12.835463182857754
  14.639209465943511
  23.853723769264178
  13.096852265988904
  12.988214217272696
