0.047093
0.098625
0.178020
0.103167
0.178107
0.030043
0.240557
0.045187
0.288782
0.001489
0.357414
0.036253
0.424731
0.048026
0.484063
0.001546
0.551081
0.041476
0.613174
0.002999
0.677970
0.030108
0.724220
0.986250
0.796451
0.015923
0.924657
0.011043
0.997414
0.026664
0.981003
0.089481
0.119724
0.139351
0.181009
0.169164
0.243751
0.124862
0.299448
0.083246
0.371614
0.099032
0.431349
0.123162
0.493414
0.076819
0.553628
0.108569
0.610715
0.069393
0.671077
0.098959
0.730505
0.075953
0.802260
0.086029
0.854179
0.043653
0.914524
0.076002
0.048228
0.162726
0.102841
0.200862
0.178425
0.234593
0.251691
0.209294
0.298937
0.158719
0.368223
0.164782
0.425392
0.198019
0.491038
0.144821
0.554104
0.179929
0.616324
0.148455
0.679332
0.165667
0.742442
0.184486
0.802891
0.156211
0.860407
0.117534
0.921886
0.142572
0.982701
0.163307
0.062478
0.255133
0.126014
0.272006
0.182583
0.307907
0.297749
0.281892
0.318334
0.221484
0.381439
0.251620
0.494144
0.216866
0.560839
0.245311
0.631355
0.213965
0.692781
0.237228
0.806321
0.220588
0.867645
0.251578
0.863842
0.181816
0.921556
0.209105
0.987690
0.243481
0.073509
0.318689
0.135413
0.351581
0.194168
0.377621
0.312101
0.363057
0.364216
0.322805
0.444710
0.262915
0.500722
0.293015
0.563860
0.309617
0.620536
0.276783
0.687497
0.303001
0.753299
0.258540
0.817987
0.291454
0.928249
0.275668
0.004123
0.304912
0.011814
0.373358
0.076796
0.386274
0.129844
0.421343
0.248709
0.329782
0.384680
0.391280
0.461454
0.413021
0.434232
0.343559
0.510487
0.356091
0.590505
0.411736
0.631087
0.341123
0.703274
0.367796
0.761822
0.331597
0.821816
0.358964
0.880149
0.317740
0.940827
0.349778
0.021663
0.446626
0.087832
0.470759
0.148910
0.492395
0.193515
0.446223
0.315437
0.432078
0.404743
0.453675
0.464683
0.479038
0.524122
0.423212
0.610663
0.472715
0.662025
0.417051
0.723028
0.441434
0.772316
0.398844
0.839037
0.431880
0.884442
0.385592
0.956611
0.412809
0.034095
0.511677
0.101739
0.535441
0.162241
0.559848
0.212311
0.514933
0.257582
0.405689
0.262310
0.469960
0.400963
0.518773
0.538673
0.504226
0.620837
0.539008
0.673700
0.483601
0.725664
0.522764
0.782072
0.465699
0.850808
0.497041
0.900899
0.457376
0.966673
0.484315
0.050082
0.575162
0.111726
0.615237
0.175179
0.626182
0.227820
0.576574
0.278094
0.535445
0.343442
0.489528
0.488297
0.543881
0.550829
0.570046
0.610343
0.603462
0.679676
0.566989
0.743070
0.585246
0.798178
0.541710
0.859569
0.573918
0.915328
0.525538
0.974379
0.556559
0.059939
0.654878
0.130618
0.680128
0.196354
0.692267
0.304206
0.603229
0.346221
0.554093
0.372163
0.614772
0.431361
0.576575
0.492552
0.610100
0.563932
0.650778
0.694903
0.630588
0.763374
0.663595
0.805995
0.608023
0.867426
0.637283
0.919280
0.600128
0.998157
0.623474
0.073096
0.720027
0.084000
0.789002
0.132366
0.744077
0.247784
0.646852
0.321688
0.665123
0.382980
0.688553
0.435652
0.649930
0.504790
0.693618
0.562958
0.721025
0.627912
0.670461
0.702078
0.702295
0.822464
0.699656
0.822434
0.765814
0.931669
0.673786
0.003240
0.695991
0.023739
0.761799
0.091326
0.856419
0.149015
0.805442
0.201049
0.760057
0.252627
0.722157
0.330386
0.728059
0.451651
0.729544
0.510354
0.757500
0.578259
0.791483
0.626464
0.743234
0.705111
0.773569
0.763787
0.729126
0.779281
0.814185
0.892059
0.728795
0.959464
0.743792
0.031249
0.899350
0.100549
0.919814
0.165988
0.867169
0.281499
0.788018
0.340849
0.814453
0.339985
0.890687
0.395038
0.771566
0.461458
0.810172
0.522500
0.828931
0.644772
0.812200
0.702579
0.840700
0.803396
0.877723
0.858680
0.909793
0.850874
0.826953
0.032131
0.831778
0.045722
0.963919
0.122779
0.996989
0.161206
0.941207
0.217143
0.827596
0.281042
0.860367
0.343604
0.968477
0.403075
0.847915
0.461883
0.873702
0.521645
0.905558
0.581737
0.858387
0.655649
0.886197
0.721654
0.911861
0.911060
0.871315
0.940028
0.804962
0.974787
0.859551
0.061955
0.031255
0.121210
0.067407
0.224501
0.979618
0.220957
0.907609
0.287302
0.928234
0.414761
0.981176
0.398209
0.918205
0.466030
0.940153
0.553801
0.975203
0.597015
0.926813
0.662567
0.954700
0.795362
0.946020
0.856416
0.977346
0.914449
0.941541
0.979686
0.938497
 0.039461
 0.113172
 0.169979
 0.092184
 0.165614
 0.024868
 0.226510
 0.045893
 0.282609
 0.009454
 0.344151
 0.037485
 0.415009
 0.064892
 0.473258
 0.017833
 0.538084
 0.044948
 0.593932
 0.993808
 0.673540
 0.012944
 0.735990
 0.981054
 0.787001
 0.027901
 0.912955
 0.991704
 0.972472
 0.021835
 0.979248
 0.088409
 0.108991
 0.129989
 0.173290
 0.163652
 0.228969
 0.117654
 0.286658
 0.087900
 0.356251
 0.102604
 0.416201
 0.132769
 0.478880
 0.084972
 0.554583
 0.118032
 0.619643
 0.053508
 0.673741
 0.089286
 0.740679
 0.112891
 0.727006
 0.049224
 0.851243
 0.025036
 0.913773
 0.062162
 0.062613
 0.175448
 0.116345
 0.216729
 0.179454
 0.229483
 0.242441
 0.181295
 0.308353
 0.155107
 0.373735
 0.182500
 0.438202
 0.194071
 0.488346
 0.153533
 0.561668
 0.182123
 0.619866
 0.126005
 0.684176
 0.153239
 0.748168
 0.178431
 0.808901
 0.134589
 0.856989
 0.091826
 0.926334
 0.126365
 0.989093
 0.154868
 0.065005
 0.255322
 0.134924
 0.278505
 0.198857
 0.295677
 0.341225
 0.291262
 0.305007
 0.234972
 0.388384
 0.245365
 0.503864
 0.217827
 0.563773
 0.246246
 0.629354
 0.192189
 0.688608
 0.226168
 0.810438
 0.206104
 0.880216
 0.251734
 0.872207
 0.187728
 0.938843
 0.199197
 0.009899
 0.223081
 0.081785
 0.316720
 0.141310
 0.346403
 0.205298
 0.375374
 0.332916
 0.356091
 0.402050
 0.313565
 0.448590
 0.266277
 0.512271
 0.286595
 0.578010
 0.311821
 0.628002
 0.265112
 0.700830
 0.301177
 0.752462
 0.242756
 0.817091
 0.274343
 0.952004
 0.261387
 0.008661
 0.298914
 0.010910
 0.376155
 0.079623
 0.392337
 0.150341
 0.415723
 0.262475
 0.304710
 0.396874
 0.381925
 0.481353
 0.411938
 0.464002
 0.337026
 0.536664
 0.363029
 0.594499
 0.403916
 0.638209
 0.342048
 0.725366
 0.368822
 0.769924
 0.319704
 0.825608
 0.353537
 0.895006
 0.319567
 0.956159
 0.341267
 0.026114
 0.449693
 0.088778
 0.464074
 0.166772
 0.493379
 0.215189
 0.438120
 0.336951
 0.420766
 0.410147
 0.452656
 0.472918
 0.477021
 0.536571
 0.445825
 0.594305
 0.478596
 0.662669
 0.406692
 0.726833
 0.440960
 0.784531
 0.402730
 0.840879
 0.436250
 0.897510
 0.400856
 0.960733
 0.426954
 0.037578
 0.513788
 0.103130
 0.528747
 0.169658
 0.560251
 0.224956
 0.522677
 0.276458
 0.391002
 0.276892
 0.469789
 0.416431
 0.531673
 0.533170
 0.518592
 0.598130
 0.546942
 0.664519
 0.472762
 0.726180
 0.513131
 0.785493
 0.469655
 0.845494
 0.499814
 0.909420
 0.466076
 0.971594
 0.495943
 0.062493
 0.578107
 0.126391
 0.610013
 0.195985
 0.628220
 0.249380
 0.586021
 0.294210
 0.537378
 0.357952
 0.494114
 0.478388
 0.558258
 0.543852
 0.589744
 0.605189
 0.610655
 0.671681
 0.561183
 0.739205
 0.581595
 0.787947
 0.533513
 0.866173
 0.568983
 0.916696
 0.529590
 0.991863
 0.558435
 0.060142
 0.641958
 0.125569
 0.674049
 0.189479
 0.702514
 0.306921
 0.628636
 0.354754
 0.582874
 0.370144
 0.652888
 0.419029
 0.600614
 0.483975
 0.630530
 0.563156
 0.662629
 0.682250
 0.624181
 0.743150
 0.646063
 0.804043
 0.609990
 0.876256
 0.633375
 0.932405
 0.600314
 0.995110
 0.627575
 0.069985
 0.709598
 0.059575
 0.773748
 0.134947
 0.737738
 0.251100
 0.671157
 0.313804
 0.698726
 0.374642
 0.717989
 0.436541
 0.676535
 0.508311
 0.706105
 0.565653
 0.734611
 0.626476
 0.672851
 0.691095
 0.694603
 0.821961
 0.676422
 0.826143
 0.754908
 0.933101
 0.674607
 0.008458
 0.690853
 0.998218
 0.753996
 0.083075
 0.852520
 0.141962
 0.802564
 0.202410
 0.775545
 0.262926
 0.741470
 0.325477
 0.764965
 0.444089
 0.739619
 0.503250
 0.772222
 0.591576
 0.794325
 0.636131
 0.739638
 0.709363
 0.765513
 0.764593
 0.716316
 0.769128
 0.796338
 0.877387
 0.710238
 0.936323
 0.738811
 0.008229
 0.894068
 0.071489
 0.916030
 0.152257
 0.873167
 0.263300
 0.809012
 0.333397
 0.830906
 0.340266
 0.896816
 0.391224
 0.780689
 0.449485
 0.809271
 0.508856
 0.849916
 0.658662
 0.803953
 0.715291
 0.836775
 0.781421
 0.862377
 0.830585
 0.819215
 0.889232
 0.781651
 0.017971
 0.829498
 0.036977
 0.975672
 0.103034
 0.996760
 0.143045
 0.947177
 0.213861
 0.849158
 0.275969
 0.876344
 0.335907
 0.967922
 0.393489
 0.853706
 0.453607
 0.886240
 0.518871
 0.915095
 0.578787
 0.861117
 0.651155
 0.882878
 0.717338
 0.900820
 0.873451
 0.872461
 0.955871
 0.802532
 0.948315
 0.868751
 0.044835
 0.048531
 0.110990
 0.065096
 0.210891
 0.980350
 0.212492
 0.914935
 0.271892
 0.945950
 0.408574
 0.992637
 0.399180
 0.926371
 0.463625
 0.954642
 0.528559
 0.979706
 0.581952
 0.929737
 0.669378
 0.947711
 0.792239
 0.951093
 0.856161
 0.960521
 0.917102
 0.927752
 0.976002
 0.957817
 0.050301
 0.123856
 0.157815
 0.106095
 0.159501
 0.030056
 0.225273
 0.063375
 0.301834
 0.011546
 0.367096
 0.028751
 0.425036
 0.056912
 0.482267
 0.013005
 0.545022
 0.035359
 0.598886
 0.000341
 0.662074
 0.026295
 0.720771
 0.994653
 0.802498
 0.054043
 0.920063
 0.989595
 0.978404
 0.014961
 0.988043
 0.096384
 0.112817
 0.153194
 0.179228
 0.172816
 0.236133
 0.134277
 0.291368
 0.076299
 0.352611
 0.094700
 0.413382
 0.120759
 0.487285
 0.078194
 0.548287
 0.105888
 0.607916
 0.067135
 0.674073
 0.104447
 0.740225
 0.127670
 0.734466
 0.056673
 0.862794
 0.032005
 0.929316
 0.057166
 0.053245
 0.190878
 0.126879
 0.218022
 0.203471
 0.258075
 0.239340
 0.198037
 0.302324
 0.141367
 0.362087
 0.171474
 0.425799
 0.183555
 0.491832
 0.144434
 0.554580
 0.169579
 0.615007
 0.131383
 0.679591
 0.169746
 0.740679
 0.192157
 0.805327
 0.144686
 0.864017
 0.108531
 0.925406
 0.131438
 0.992559
 0.162121
 0.072483
 0.258339
 0.135676
 0.280902
 0.201258
 0.332940
 0.333299
 0.285875
 0.310476
 0.210581
 0.372105
 0.235446
 0.498369
 0.212710
 0.564325
 0.235631
 0.623729
 0.202579
 0.689086
 0.235135
 0.815481
 0.223108
 0.883833
 0.247490
 0.871838
 0.175952
 0.932700
 0.199690
 0.998742
 0.232437
 0.081695
 0.326396
 0.139642
 0.354625
 0.229056
 0.393208
 0.350206
 0.351821
 0.399094
 0.310002
 0.437389
 0.250329
 0.505660
 0.278548
 0.578741
 0.325058
 0.635386
 0.277154
 0.695350
 0.308332
 0.756927
 0.261522
 0.831725
 0.287129
 0.942312
 0.273352
 0.022553
 0.300845
 0.022755
 0.367197
 0.090792
 0.396556
 0.164377
 0.417184
 0.268110
 0.261311
 0.417114
 0.378291
 0.470772
 0.417754
 0.465262
 0.332673
 0.532889
 0.370574
 0.589342
 0.400602
 0.640893
 0.348503
 0.711293
 0.372146
 0.773663
 0.323006
 0.834928
 0.352874
 0.888837
 0.315010
 0.957645
 0.345038
 0.036937
 0.430627
 0.104874
 0.458499
 0.170663
 0.486387
 0.294208
 0.392569
 0.357673
 0.425248
 0.413593
 0.457348
 0.483354
 0.488501
 0.531981
 0.436986
 0.608059
 0.464455
 0.651950
 0.418258
 0.714061
 0.438900
 0.770252
 0.395745
 0.836120
 0.417384
 0.897747
 0.378904
 0.968202
 0.407814
 0.028393
 0.501423
 0.084291
 0.534184
 0.160306
 0.554602
 0.233348
 0.474991
 0.285388
 0.329065
 0.295565
 0.459336
 0.420813
 0.521027
 0.545920
 0.507638
 0.607711
 0.531774
 0.669882
 0.485283
 0.727755
 0.519151
 0.778453
 0.461763
 0.842119
 0.486173
 0.897686
 0.445997
 0.963318
 0.487813
 0.031473
 0.572078
 0.099490
 0.610314
 0.165010
 0.618471
 0.224529
 0.558681
 0.289720
 0.527949
 0.350290
 0.495783
 0.489645
 0.552422
 0.551432
 0.575849
 0.614219
 0.612567
 0.681224
 0.568357
 0.744627
 0.581689
 0.799633
 0.539424
 0.861443
 0.576306
 0.907056
 0.528235
 0.961811
 0.571023
 0.042915
 0.648279
 0.115308
 0.672443
 0.180684
 0.689590
 0.277802
 0.598817
 0.348479
 0.563003
 0.360414
 0.625741
 0.419480
 0.585766
 0.490662
 0.627231
 0.560387
 0.659463
 0.679339
 0.643457
 0.739524
 0.664501
 0.808913
 0.613449
 0.856902
 0.660792
 0.910862
 0.622519
 0.981199
 0.633102
 0.063208
 0.717335
 0.080357
 0.786610
 0.132236
 0.735591
 0.235539
 0.648707
 0.304768
 0.671031
 0.369538
 0.689471
 0.432077
 0.653593
 0.501959
 0.692903
 0.564395
 0.724118
 0.623080
 0.676288
 0.686376
 0.707316
 0.799418
 0.692555
 0.809429
 0.765984
 0.929522
 0.687986
 0.995268
 0.706232
 0.016835
 0.773710
 0.094165
 0.859924
 0.145953
 0.814465
 0.194230
 0.770649
 0.255488
 0.714221
 0.315865
 0.734078
 0.443855
 0.723786
 0.507684
 0.772625
 0.573862
 0.796665
 0.629502
 0.755221
 0.696348
 0.779415
 0.748802
 0.735766
 0.761002
 0.810614
 0.872360
 0.726730
 0.937185
 0.751122
 0.045350
 0.902640
 0.105274
 0.937024
 0.158682
 0.897697
 0.261630
 0.787842
 0.325336
 0.811273
 0.346327
 0.900458
 0.383313
 0.773616
 0.447277
 0.802800
 0.520959
 0.840914
 0.642644
 0.821953
 0.705152
 0.855409
 0.770342
 0.875099
 0.824828
 0.837429
 0.885990
 0.799526
 0.023724
 0.838294
 0.038162
 0.974472
 0.101703
 0.003132
 0.177219
 0.963531
 0.207757
 0.841847
 0.276082
 0.869335
 0.352713
 0.965254
 0.382307
 0.845547
 0.455981
 0.868868
 0.534708
 0.904993
 0.586957
 0.858827
 0.647356
 0.890686
 0.724711
 0.927528
 0.827508
 0.904862
 0.949532
 0.814432
 0.972211
 0.875817
 0.037848
 0.045511
 0.099451
 0.070186
 0.232351
 0.997061
 0.223536
 0.919116
 0.288578
 0.934362
 0.419684
 0.983136
 0.409665
 0.918709
 0.473735
 0.933024
 0.535948
 0.968992
 0.591846
 0.933304
 0.656896
 0.962790
 0.787481
 0.964008
 0.863399
 0.957510
 0.909700
 0.903319
 0.968012
 0.940281
 0.053404
 0.097478
 0.183461
 0.098195
 0.171508
 0.023091
 0.230353
 0.052462
 0.284536
 0.005365
 0.354272
 0.029184
 0.430704
 0.064605
 0.496173
 0.014672
 0.548407
 0.054079
 0.600516
 0.008778
 0.662338
 0.028275
 0.731663
 0.980174
 0.793082
 0.058957
 0.901726
 0.972904
 0.964691
 0.003892
 0.979363
 0.072470
 0.131712
 0.142417
 0.194181
 0.164629
 0.252636
 0.112207
 0.302531
 0.069448
 0.378745
 0.106458
 0.440562
 0.128500
 0.493770
 0.087960
 0.545508
 0.126950
 0.609374
 0.073443
 0.674960
 0.092847
 0.733794
 0.117449
 0.724666
 0.051327
 0.853882
 0.018537
 0.915011
 0.046665
 0.069806
 0.170047
 0.130602
 0.209477
 0.189890
 0.237560
 0.261986
 0.178036
 0.313943
 0.134498
 0.374225
 0.173457
 0.437219
 0.199290
 0.499788
 0.172277
 0.561445
 0.196951
 0.616308
 0.149809
 0.681922
 0.173755
 0.755791
 0.185977
 0.801567
 0.124861
 0.859945
 0.083618
 0.917150
 0.112477
 0.988719
 0.137351
 0.059955
 0.243368
 0.128100
 0.274049
 0.211301
 0.300133
 0.323590
 0.293528
 0.327939
 0.217741
 0.381505
 0.253058
 0.496384
 0.237674
 0.559743
 0.262814
 0.621649
 0.220866
 0.682491
 0.239691
 0.820005
 0.211279
 0.887695
 0.218270
 0.861111
 0.152429
 0.945030
 0.184869
 0.010172
 0.197842
 0.074659
 0.324820
 0.151942
 0.345129
 0.214017
 0.378832
 0.335178
 0.362651
 0.387587
 0.317292
 0.444154
 0.275822
 0.502455
 0.303710
 0.581135
 0.336431
 0.630656
 0.283809
 0.689843
 0.307871
 0.758970
 0.259876
 0.816078
 0.288207
 0.945268
 0.275466
 0.016520
 0.290323
 0.019561
 0.372736
 0.092401
 0.388077
 0.150346
 0.427589
 0.264703
 0.261426
 0.398254
 0.389296
 0.464663
 0.425797
 0.451897
 0.352349
 0.523023
 0.370241
 0.582755
 0.404461
 0.641231
 0.358106
 0.704065
 0.375220
 0.755399
 0.327808
 0.828743
 0.352160
 0.882375
 0.301461
 0.961685
 0.346505
 0.015260
 0.437351
 0.085331
 0.455937
 0.153614
 0.496424
 0.272604
 0.404018
 0.332175
 0.428205
 0.398132
 0.465483
 0.474348
 0.492154
 0.527855
 0.440180
 0.597061
 0.472950
 0.642918
 0.425366
 0.723118
 0.438160
 0.773325
 0.391235
 0.829778
 0.421903
 0.895142
 0.372827
 0.952536
 0.414972
 0.027580
 0.503991
 0.106879
 0.539599
 0.165669
 0.567430
 0.215815
 0.520514
 0.268418
 0.331641
 0.279570
 0.492752
 0.414802
 0.540899
 0.536438
 0.507871
 0.606310
 0.538064
 0.670473
 0.482743
 0.733177
 0.513064
 0.789002
 0.476709
 0.851466
 0.499357
 0.889341
 0.447163
 0.965232
 0.487051
 0.045686
 0.588077
 0.107824
 0.607653
 0.174719
 0.632207
 0.237587
 0.604520
 0.294223
 0.555659
 0.350405
 0.509643
 0.485924
 0.554643
 0.549645
 0.573537
 0.612561
 0.611562
 0.674681
 0.551464
 0.724648
 0.591127
 0.793426
 0.545941
 0.862454
 0.578900
 0.911304
 0.537144
 0.984680
 0.552248
 0.053459
 0.652970
 0.120148
 0.674199
 0.182648
 0.703072
 0.305508
 0.620053
 0.361630
 0.582299
 0.368833
 0.645477
 0.424352
 0.606941
 0.485383
 0.625736
 0.555237
 0.639162
 0.673706
 0.633914
 0.750218
 0.654403
 0.798293
 0.612607
 0.865924
 0.651497
 0.921225
 0.607310
 0.984842
 0.618605
 0.062753
 0.719353
 0.084594
 0.788743
 0.130127
 0.744295
 0.237764
 0.669771
 0.307046
 0.684066
 0.377945
 0.712143
 0.437536
 0.673728
 0.501489
 0.694701
 0.563315
 0.710622
 0.617926
 0.675196
 0.678774
 0.706577
 0.808365
 0.686019
 0.805934
 0.760171
 0.927127
 0.680273
 0.994699
 0.687392
 0.010557
 0.756377
 0.089614
 0.855903
 0.144761
 0.810270
 0.195957
 0.766303
 0.263176
 0.730397
 0.328229
 0.757341
 0.449614
 0.740029
 0.511240
 0.761917
 0.572325
 0.793693
 0.622619
 0.742781
 0.680025
 0.778718
 0.750652
 0.726803
 0.752611
 0.797296
 0.864046
 0.722595
 0.929068
 0.743737
 0.038277
 0.894565
 0.099275
 0.927117
 0.148383
 0.881062
 0.261873
 0.797465
 0.335355
 0.825166
 0.337126
 0.901197
 0.394160
 0.782058
 0.453910
 0.807385
 0.518647
 0.837818
 0.634399
 0.826417
 0.703863
 0.839495
 0.785082
 0.887858
 0.819401
 0.827946
 0.869641
 0.789020
 0.030828
 0.825529
 0.041238
 0.963976
 0.103766
 0.998462
 0.162150
 0.958969
 0.203792
 0.844921
 0.264866
 0.869367
 0.344823
 0.966267
 0.396420
 0.846708
 0.459532
 0.876235
 0.529787
 0.900929
 0.578310
 0.859564
 0.657871
 0.886347
 0.726915
 0.915234
 0.849539
 0.909711
 0.953471
 0.813040
 0.977439
 0.874571
 0.031859
 0.036244
 0.119389
 0.062024
 0.223154
 0.979268
 0.213713
 0.908538
 0.282469
 0.937421
 0.417196
 0.984283
 0.404608
 0.918730
 0.478849
 0.941305
 0.554120
 0.963147
 0.606746
 0.926043
 0.662759
 0.964033
 0.795756
 0.986710
 0.915013
 0.910231
 0.897613
 0.849101
 0.978108
 0.938840
 0.045318
 0.107836
 0.160802
 0.104461
 0.155121
 0.027816
 0.213549
 0.060357
 0.279162
 0.010678
 0.345887
 0.021510
 0.435986
 0.055920
 0.479215
 0.008731
 0.556007
 0.050469
 0.595767
 0.998531
 0.666215
 0.032177
 0.713841
 0.983828
 0.799879
 0.075581
 0.902541
 0.986461
 0.960758
 0.014415
 0.983990
 0.079304
 0.110097
 0.147026
 0.196468
 0.167752
 0.243309
 0.121420
 0.295188
 0.073045
 0.361829
 0.084611
 0.435874
 0.126268
 0.495110
 0.079486
 0.559851
 0.119703
 0.612727
 0.083413
 0.679363
 0.099996
 0.750743
 0.126245
 0.731198
 0.045233
 0.856478
 0.032585
 0.914882
 0.069268
 0.052480
 0.175774
 0.134840
 0.213689
 0.200213
 0.232273
 0.256323
 0.192028
 0.322434
 0.134709
 0.380237
 0.163529
 0.435802
 0.198270
 0.493427
 0.155401
 0.553323
 0.183850
 0.624354
 0.148101
 0.684862
 0.171184
 0.745182
 0.192435
 0.815266
 0.152370
 0.861036
 0.103825
 0.917326
 0.142836
 0.986710
 0.147875
 0.073415
 0.240683
 0.127270
 0.280249
 0.193727
 0.298074
 0.330496
 0.289989
 0.323654
 0.206043
 0.379880
 0.240855
 0.497193
 0.221090
 0.569851
 0.250437
 0.626235
 0.215509
 0.688595
 0.234631
 0.811548
 0.217757
 0.876812
 0.255760
 0.869485
 0.186640
 0.930223
 0.206030
 0.998316
 0.216665
 0.080929
 0.324031
 0.147575
 0.343076
 0.214439
 0.368301
 0.334007
 0.353828
 0.394348
 0.310565
 0.450191
 0.273843
 0.514195
 0.300383
 0.577655
 0.316731
 0.635366
 0.283450
 0.700903
 0.298180
 0.755523
 0.256276
 0.827567
 0.296039
 0.953543
 0.271293
 0.014408
 0.289748
 0.016766
 0.353931
 0.104125
 0.389416
 0.159388
 0.422634
 0.271482
 0.265002
 0.395140
 0.379974
 0.467536
 0.408745
 0.451512
 0.339700
 0.519697
 0.370709
 0.593257
 0.387652
 0.651330
 0.352758
 0.718130
 0.385575
 0.763850
 0.328812
 0.825103
 0.362641
 0.888011
 0.319463
 0.948135
 0.342263
 0.024430
 0.429442
 0.090655
 0.459086
 0.150037
 0.494792
 0.287778
 0.398046
 0.346947
 0.421937
 0.411922
 0.445172
 0.469214
 0.482770
 0.545782
 0.430975
 0.598175
 0.467028
 0.660104
 0.420851
 0.723138
 0.455191
 0.776602
 0.414767
 0.845996
 0.424050
 0.898277
 0.386051
 0.960255
 0.407266
 0.041105
 0.498924
 0.101850
 0.537787
 0.172405
 0.554411
 0.215031
 0.501292
 0.272829
 0.335597
 0.282872
 0.461694
 0.407352
 0.509863
 0.538866
 0.497792
 0.615064
 0.536465
 0.665278
 0.491034
 0.730973
 0.531158
 0.785588
 0.482306
 0.850589
 0.497505
 0.903481
 0.453058
 0.971321
 0.473131
 0.047908
 0.573315
 0.119723
 0.608467
 0.185778
 0.630441
 0.232922
 0.580426
 0.282264
 0.536483
 0.346779
 0.489863
 0.487190
 0.548104
 0.542896
 0.580080
 0.607526
 0.606436
 0.673266
 0.563991
 0.737891
 0.595728
 0.800812
 0.545347
 0.859999
 0.580510
 0.908561
 0.523800
 0.973592
 0.544046
 0.057300
 0.636913
 0.128666
 0.676340
 0.191412
 0.695272
 0.304277
 0.608096
 0.353443
 0.560364
 0.385521
 0.629067
 0.423092
 0.577511
 0.485111
 0.614253
 0.554460
 0.643959
 0.668688
 0.634717
 0.729862
 0.659036
 0.807157
 0.630219
 0.879777
 0.641876
 0.925582
 0.594957
 0.992769
 0.614397
 0.079963
 0.722992
 0.087432
 0.791544
 0.141504
 0.742683
 0.248460
 0.660974
 0.320510
 0.680337
 0.380821
 0.704585
 0.440262
 0.662297
 0.504136
 0.703316
 0.571594
 0.719669
 0.624373
 0.683429
 0.698960
 0.715105
 0.829570
 0.691387
 0.842472
 0.757548
 0.959516
 0.674576
 0.019787
 0.695364
 0.029234
 0.763315
 0.068891
 0.855309
 0.149573
 0.814914
 0.203356
 0.771559
 0.257520
 0.732262
 0.326100
 0.744868
 0.441758
 0.737421
 0.501438
 0.766884
 0.573516
 0.786848
 0.628500
 0.751351
 0.718734
 0.777882
 0.766971
 0.717031
 0.783184
 0.786823
 0.896144
 0.707521
 0.967299
 0.738349
 0.999515
 0.892748
 0.085023
 0.922259
 0.142817
 0.882757
 0.264729
 0.806801
 0.331760
 0.827273
 0.339883
 0.890886
 0.384523
 0.780078
 0.449197
 0.806786
 0.521586
 0.827471
 0.645526
 0.819416
 0.707708
 0.843091
 0.772215
 0.941241
 0.771664
 0.854637
 0.861777
 0.840129
 0.008259
 0.825421
 0.023092
 0.969943
 0.097634
 0.996635
 0.146785
 0.955954
 0.207021
 0.842060
 0.262302
 0.874137
 0.348289
 0.955825
 0.393440
 0.854098
 0.463428
 0.873810
 0.522772
 0.902731
 0.577231
 0.867875
 0.646385
 0.889505
 0.707902
 0.909668
 0.834051
 0.967287
 0.901252
 0.781970
 0.946468
 0.848078
 0.032840
 0.037750
 0.098465
 0.066086
 0.211519
 0.977854
 0.210752
 0.914350
 0.287360
 0.934988
 0.411356
 0.985591
 0.401441
 0.920969
 0.461310
 0.944900
 0.536412
 0.971328
 0.590784
 0.931796
 0.651007
 0.955443
 0.780363
 0.004623
 0.898520
 0.917748
 0.833331
 0.899608
 0.958805
 0.947126
 0.062848
 0.108030
 0.175365
 0.095155
 0.168276
 0.031460
 0.231133
 0.047362
 0.292879
 0.006525
 0.354852
 0.027738
 0.430677
 0.041775
 0.483123
 0.005889
 0.550959
 0.033759
 0.596002
 0.983203
 0.671585
 0.016093
 0.734083
 0.978605
 0.792133
 0.090388
 0.920875
 0.997951
 0.987925
 0.019341
 0.994035
 0.092289
 0.118624
 0.138492
 0.190994
 0.170319
 0.250000
 0.120035
 0.298933
 0.073024
 0.363671
 0.096642
 0.433551
 0.113588
 0.493563
 0.073083
 0.554664
 0.109024
 0.608703
 0.062107
 0.679110
 0.086631
 0.734212
 0.123917
 0.732777
 0.047945
 0.869043
 0.049475
 0.935670
 0.060095
 0.043211
 0.187093
 0.117222
 0.208049
 0.204080
 0.235408
 0.252412
 0.187556
 0.316138
 0.143555
 0.382584
 0.160044
 0.450925
 0.186887
 0.493967
 0.136773
 0.547266
 0.179102
 0.624271
 0.124378
 0.678709
 0.166484
 0.741299
 0.187761
 0.800519
 0.154619
 0.851429
 0.113733
 0.917422
 0.142879
 0.979865
 0.155169
 0.055608
 0.258237
 0.144492
 0.268995
 0.209776
 0.299169
 0.329678
 0.279150
 0.329644
 0.214851
 0.402050
 0.228833
 0.499244
 0.232732
 0.572525
 0.249423
 0.612651
 0.196611
 0.693487
 0.229600
 0.805403
 0.219310
 0.864936
 0.242549
 0.862163
 0.177607
 0.919842
 0.207609
 0.992245
 0.231879
 0.074373
 0.319817
 0.147121
 0.341445
 0.209240
 0.364380
 0.341231
 0.354714
 0.391493
 0.307656
 0.449038
 0.276666
 0.520454
 0.294363
 0.585682
 0.314753
 0.634981
 0.273523
 0.696461
 0.308184
 0.752732
 0.257844
 0.808930
 0.292029
 0.941351
 0.271733
 0.005874
 0.305652
 0.026580
 0.367309
 0.085188
 0.402922
 0.168988
 0.423298
 0.264086
 0.263052
 0.397620
 0.388048
 0.464282
 0.413928
 0.465011
 0.348378
 0.530504
 0.360915
 0.588205
 0.387445
 0.640852
 0.348020
 0.702416
 0.377460
 0.757503
 0.329265
 0.819655
 0.365621
 0.879043
 0.314040
 0.951162
 0.355975
 0.033869
 0.448776
 0.101040
 0.464951
 0.158839
 0.493300
 0.256373
 0.409944
 0.336903
 0.425275
 0.404355
 0.456624
 0.475963
 0.478395
 0.532569
 0.435057
 0.591655
 0.464359
 0.647585
 0.432395
 0.715327
 0.442490
 0.769744
 0.406134
 0.847313
 0.425855
 0.891710
 0.380080
 0.974261
 0.418759
 0.032929
 0.524531
 0.106805
 0.539834
 0.164846
 0.573365
 0.222076
 0.486284
 0.267416
 0.327642
 0.284226
 0.472229
 0.406580
 0.524543
 0.530914
 0.511058
 0.596050
 0.532620
 0.648585
 0.496725
 0.717083
 0.512476
 0.775459
 0.474889
 0.841485
 0.490446
 0.902911
 0.461454
 0.966660
 0.484428
 0.045704
 0.588261
 0.109611
 0.606435
 0.186778
 0.633731
 0.228892
 0.566343
 0.295425
 0.538123
 0.344325
 0.493975
 0.469105
 0.547020
 0.544726
 0.575964
 0.611455
 0.598314
 0.674655
 0.563426
 0.736890
 0.578559
 0.793378
 0.537513
 0.855408
 0.563244
 0.909145
 0.528509
 0.973339
 0.553750
 0.051346
 0.658985
 0.128281
 0.667624
 0.186649
 0.704478
 0.302179
 0.603284
 0.355704
 0.569106
 0.361260
 0.641404
 0.427084
 0.595162
 0.490168
 0.610284
 0.555891
 0.642675
 0.683315
 0.630767
 0.745684
 0.646952
 0.809757
 0.608589
 0.869338
 0.638097
 0.919111
 0.593545
 0.984208
 0.621735
 0.071288
 0.722077
 0.086455
 0.795451
 0.133056
 0.746378
 0.249783
 0.650791
 0.309705
 0.679719
 0.368928
 0.705076
 0.425880
 0.668259
 0.495072
 0.674791
 0.565213
 0.711922
 0.617339
 0.667645
 0.687896
 0.703868
 0.815060
 0.673572
 0.843380
 0.812614
 0.938473
 0.673050
 0.984084
 0.717924
 0.023595
 0.780343
 0.090183
 0.862696
 0.150252
 0.818184
 0.192595
 0.770784
 0.253290
 0.720838
 0.313360
 0.743771
 0.444082
 0.732228
 0.508829
 0.744800
 0.577497
 0.776837
 0.631376
 0.735046
 0.708465
 0.781898
 0.762145
 0.720500
 0.772015
 0.790151
 0.845634
 0.734797
 0.912987
 0.733363
 0.039061
 0.908443
 0.100404
 0.930547
 0.149507
 0.888209
 0.255125
 0.791023
 0.314320
 0.821728
 0.347713
 0.878038
 0.378498
 0.774342
 0.451200
 0.801393
 0.521256
 0.810115
 0.646783
 0.807581
 0.714249
 0.846815
 0.783464
 0.937759
 0.785285
 0.854894
 0.896502
 0.861889
 0.028768
 0.845397
 0.040340
 0.973258
 0.104025
 0.006219
 0.158478
 0.960258
 0.215428
 0.854445
 0.281444
 0.876635
 0.339248
 0.958539
 0.405036
 0.846137
 0.469406
 0.862304
 0.526742
 0.889789
 0.585738
 0.853520
 0.659533
 0.884921
 0.726587
 0.909205
 0.853234
 0.980820
 0.958436
 0.818136
 0.965968
 0.885419
 0.051069
 0.043066
 0.115901
 0.071337
 0.223780
 0.982661
 0.211261
 0.920310
 0.274991
 0.941223
 0.421564
 0.978056
 0.405187
 0.913159
 0.471363
 0.928211
 0.531681
 0.960748
 0.587565
 0.918004
 0.671894
 0.948584
 0.791689
 0.010093
 0.899491
 0.933622
 0.844708
 0.898924
 0.962458
 0.949710
 0.060626
 0.113226
 0.181106
 0.102284
 0.168543
 0.019411
 0.235387
 0.056790
 0.281612
 0.009166
 0.354031
 0.024522
 0.419697
 0.056758
 0.481338
 0.019107
 0.555631
 0.033286
 0.595438
 0.982351
 0.661023
 0.005883
 0.712561
 0.959014
 0.791978
 0.065681
 0.912546
 0.973688
 0.975076
 0.018406
 0.973485
 0.096081
 0.123463
 0.134298
 0.185067
 0.166019
 0.242124
 0.124814
 0.295984
 0.090781
 0.360716
 0.090522
 0.437701
 0.124760
 0.495831
 0.082724
 0.558112
 0.101663
 0.623808
 0.067984
 0.681128
 0.103024
 0.747132
 0.114459
 0.712828
 0.043101
 0.853227
 0.018812
 0.910704
 0.047529
 0.052629
 0.179811
 0.133198
 0.203882
 0.197715
 0.234745
 0.244849
 0.191891
 0.308050
 0.153119
 0.373265
 0.156916
 0.437942
 0.190749
 0.494166
 0.154903
 0.553703
 0.178904
 0.620118
 0.136459
 0.697794
 0.164635
 0.760089
 0.185905
 0.806412
 0.138987
 0.858146
 0.084031
 0.910282
 0.130218
 0.989023
 0.175555
 0.080572
 0.247058
 0.139615
 0.270661
 0.200467
 0.301173
 0.321027
 0.289841
 0.314152
 0.223552
 0.381547
 0.236446
 0.505409
 0.224712
 0.570335
 0.244351
 0.628694
 0.204428
 0.707111
 0.238201
 0.815748
 0.218735
 0.877397
 0.245386
 0.864916
 0.178008
 0.931801
 0.210020
 0.014311
 0.242088
 0.079545
 0.317106
 0.140312
 0.346909
 0.204637
 0.376189
 0.327380
 0.360197
 0.386347
 0.306152
 0.453388
 0.261790
 0.513661
 0.302369
 0.576831
 0.316327
 0.630021
 0.273395
 0.714196
 0.311125
 0.772168
 0.268919
 0.833400
 0.291962
 0.936785
 0.279933
 0.007878
 0.305864
 0.023425
 0.372591
 0.096178
 0.393232
 0.152758
 0.431423
 0.255404
 0.264506
 0.386287
 0.384081
 0.450447
 0.405569
 0.452242
 0.331947
 0.522344
 0.371653
 0.593531
 0.379828
 0.654954
 0.350821
 0.718069
 0.385505
 0.783728
 0.342563
 0.840779
 0.380941
 0.890802
 0.338052
 0.951538
 0.363022
 0.042870
 0.439045
 0.157238
 0.496899
 0.227315
 0.515914
 0.276627
 0.409069
 0.337299
 0.431864
 0.400693
 0.449186
 0.468623
 0.468561
 0.525762
 0.439022
 0.589185
 0.457516
 0.649589
 0.416371
 0.706288
 0.449720
 0.782548
 0.406816
 0.854712
 0.446784
 0.903198
 0.404908
 0.981300
 0.422753
 0.096867
 0.473318
 0.109692
 0.539513
 0.172910
 0.563221
 0.217346
 0.448010
 0.266882
 0.338518
 0.287573
 0.477146
 0.422826
 0.513252
 0.522220
 0.504643
 0.602819
 0.527353
 0.657151
 0.492828
 0.721260
 0.520438
 0.776659
 0.472013
 0.853632
 0.525833
 0.919425
 0.469262
 0.038920
 0.506571
 0.043874
 0.580121
 0.115203
 0.603320
 0.175458
 0.632641
 0.233716
 0.581593
 0.293388
 0.546082
 0.348770
 0.494662
 0.474865
 0.551283
 0.541109
 0.575845
 0.606982
 0.602179
 0.670650
 0.558859
 0.731087
 0.593767
 0.789124
 0.540331
 0.862519
 0.593193
 0.920573
 0.540165
 0.984532
 0.539788
 0.054462
 0.646347
 0.120090
 0.675140
 0.180826
 0.698985
 0.287465
 0.616878
 0.354485
 0.566305
 0.353862
 0.634115
 0.421064
 0.586572
 0.492774
 0.618972
 0.555583
 0.640138
 0.671747
 0.624390
 0.746059
 0.658551
 0.793364
 0.613757
 0.846037
 0.656302
 0.932187
 0.605965
 0.994761
 0.623376
 0.070926
 0.719241
 0.071755
 0.788646
 0.129027
 0.753130
 0.235408
 0.659859
 0.292303
 0.690673
 0.369299
 0.708135
 0.420838
 0.652593
 0.492708
 0.683654
 0.562769
 0.704117
 0.619174
 0.667226
 0.685081
 0.692123
 0.803728
 0.709659
 0.873630
 0.787628
 0.950674
 0.669305
 0.011502
 0.695511
 0.013296
 0.761719
 0.074188
 0.857089
 0.129763
 0.821496
 0.193885
 0.777599
 0.248871
 0.745199
 0.310982
 0.763354
 0.430220
 0.730346
 0.495948
 0.747347
 0.570042
 0.782870
 0.622174
 0.730923
 0.683756
 0.756418
 0.744779
 0.735587
 0.773232
 0.847942
 0.802488
 0.774992
 0.881087
 0.723636
 0.033098
 0.913072
 0.093698
 0.934981
 0.141570
 0.884031
 0.250823
 0.809440
 0.323012
 0.834716
 0.340294
 0.897800
 0.373872
 0.777569
 0.448768
 0.795439
 0.509065
 0.823030
 0.636050
 0.803928
 0.716565
 0.813184
 0.773612
 0.923324
 0.830187
 0.892176
 0.953780
 0.805172
 0.014480
 0.825634
 0.028325
 0.981998
 0.099153
 0.001011
 0.158043
 0.946265
 0.197318
 0.846439
 0.272769
 0.874768
 0.359103
 0.960491
 0.389808
 0.848886
 0.450663
 0.868887
 0.527415
 0.892329
 0.576803
 0.848844
 0.635866
 0.876064
 0.700289
 0.888820
 0.841794
 0.955123
 0.947158
 0.736115
 0.964587
 0.868247
 0.033739
 0.052173
 0.122269
 0.070721
 0.223333
 0.980826
 0.217633
 0.911428
 0.282128
 0.939418
 0.416168
 0.989675
 0.402607
 0.912742
 0.465405
 0.934783
 0.524431
 0.962169
 0.586391
 0.916013
 0.647978
 0.942417
 0.766264
 0.996039
 0.890342
 0.913203
 0.901925
 0.850590
 0.974401
 0.940602
 0.051902
 0.105003
 0.177899
 0.093949
 0.169856
 0.028262
 0.242646
 0.053565
 0.289087
 0.002654
 0.354838
 0.039518
 0.413511
 0.064873
 0.476921
 0.014141
 0.541167
 0.031367
 0.592436
 0.992489
 0.658227
 0.005135
 0.716857
 0.965373
 0.783140
 0.077487
 0.897697
 0.973751
 0.979310
 0.008688
 0.994181
 0.071099
 0.111917
 0.137918
 0.181479
 0.158976
 0.237148
 0.125186
 0.303014
 0.078867
 0.360655
 0.108044
 0.423563
 0.139370
 0.479933
 0.077673
 0.558969
 0.111234
 0.610038
 0.070401
 0.670379
 0.092898
 0.731156
 0.117380
 0.722100
 0.043899
 0.836669
 0.028197
 0.928701
 0.050138
 0.058120
 0.182057
 0.133982
 0.208448
 0.196011
 0.233699
 0.248402
 0.192211
 0.305657
 0.145372
 0.368753
 0.174742
 0.430077
 0.207892
 0.500812
 0.152619
 0.550784
 0.191987
 0.606683
 0.153822
 0.672387
 0.162967
 0.747063
 0.185508
 0.795514
 0.141037
 0.850988
 0.100028
 0.915556
 0.121133
 0.986985
 0.142774
 0.076618
 0.243244
 0.138993
 0.272336
 0.204097
 0.297917
 0.323363
 0.286236
 0.314285
 0.210365
 0.376132
 0.250436
 0.497574
 0.229012
 0.564889
 0.259847
 0.621097
 0.215784
 0.687628
 0.232662
 0.811931
 0.220287
 0.880648
 0.251328
 0.858822
 0.171767
 0.926846
 0.197571
 0.005400
 0.219663
 0.084225
 0.306448
 0.147811
 0.338429
 0.209148
 0.363127
 0.328093
 0.358406
 0.383605
 0.314143
 0.439533
 0.271731
 0.499410
 0.294597
 0.570653
 0.325937
 0.626365
 0.280716
 0.691923
 0.306988
 0.747463
 0.259937
 0.820269
 0.286229
 0.948429
 0.265194
 0.011745
 0.288408
 0.029178
 0.357200
 0.091451
 0.372809
 0.149820
 0.407732
 0.256335
 0.258274
 0.387842
 0.384466
 0.452248
 0.407838
 0.445090
 0.335782
 0.512794
 0.364143
 0.580274
 0.391218
 0.633688
 0.346824
 0.696173
 0.373699
 0.749175
 0.335482
 0.834928
 0.362531
 0.893387
 0.332315
 0.965839
 0.346867
 0.021633
 0.427083
 0.154525
 0.471826
 0.218986
 0.517006
 0.272808
 0.390498
 0.328532
 0.443044
 0.395061
 0.451023
 0.468106
 0.482531
 0.511014
 0.435711
 0.601959
 0.463930
 0.644182
 0.414798
 0.706384
 0.444784
 0.772931
 0.416739
 0.842769
 0.429000
 0.937079
 0.403653
 0.990957
 0.482957
 0.090908
 0.446010
 0.111118
 0.527961
 0.169483
 0.557922
 0.211850
 0.432650
 0.263222
 0.325225
 0.278130
 0.484377
 0.418114
 0.523474
 0.530558
 0.502183
 0.605358
 0.540067
 0.665990
 0.501232
 0.740934
 0.520638
 0.798187
 0.476223
 0.855368
 0.513915
 0.902156
 0.459065
 0.047274
 0.520033
 0.046883
 0.585624
 0.112408
 0.599895
 0.175061
 0.623475
 0.229540
 0.586888
 0.290240
 0.551993
 0.354328
 0.503406
 0.479949
 0.552375
 0.548320
 0.575068
 0.615341
 0.607828
 0.667109
 0.570195
 0.736855
 0.587025
 0.801366
 0.548381
 0.861574
 0.584567
 0.925530
 0.519605
 0.985548
 0.549923
 0.066083
 0.649583
 0.128035
 0.668655
 0.186657
 0.707101
 0.299937
 0.623887
 0.362605
 0.569380
 0.362831
 0.636221
 0.424931
 0.590881
 0.498646
 0.615436
 0.560996
 0.641022
 0.680455
 0.641276
 0.738760
 0.670388
 0.796146
 0.614727
 0.852649
 0.650862
 0.926075
 0.589703
 0.995290
 0.625365
 0.072634
 0.715854
 0.074453
 0.782295
 0.133849
 0.744392
 0.233666
 0.650909
 0.316528
 0.685939
 0.379900
 0.697673
 0.433672
 0.658622
 0.495383
 0.679208
 0.558780
 0.706361
 0.621410
 0.676810
 0.684652
 0.707274
 0.795395
 0.705178
 0.896346
 0.778961
 0.933461
 0.660683
 0.013409
 0.688746
 0.011525
 0.766860
 0.092322
 0.856423
 0.138983
 0.812882
 0.192353
 0.771011
 0.250358
 0.712654
 0.312615
 0.755355
 0.441134
 0.730384
 0.497264
 0.775390
 0.567267
 0.790836
 0.622928
 0.743465
 0.691260
 0.785401
 0.765108
 0.767379
 0.804421
 0.832908
 0.831150
 0.773883
 0.867667
 0.720269
 0.043798
 0.899253
 0.099839
 0.930674
 0.156963
 0.891422
 0.255737
 0.793943
 0.329141
 0.823196
 0.341026
 0.886939
 0.378223
 0.782409
 0.438536
 0.802759
 0.517472
 0.836348
 0.630390
 0.808846
 0.735251
 0.838291
 0.767342
 0.925284
 0.825068
 0.896211
 0.941480
 0.823895
 0.021553
 0.838310
 0.038298
 0.966948
 0.106874
 0.003996
 0.164582
 0.956073
 0.206057
 0.847258
 0.269223
 0.867507
 0.350716
 0.975624
 0.398572
 0.852410
 0.456529
 0.878978
 0.519350
 0.903892
 0.578934
 0.857302
 0.647531
 0.871354
 0.708179
 0.901577
 0.827736
 0.961281
 0.942700
 0.728276
 0.972812
 0.879428
 0.051680
 0.039520
 0.112060
 0.069133
 0.225368
 0.990760
 0.232260
 0.922985
 0.299771
 0.935484
 0.411910
 0.993065
 0.405193
 0.929640
 0.470764
 0.950416
 0.534775
 0.965542
 0.590787
 0.921879
 0.653917
 0.937518
 0.772167
 0.000724
 0.910162
 0.892871
 0.868262
 0.836596
 0.957006
 0.944177
 0.071597
 0.109875
 0.201505
 0.091172
 0.184319
 0.028634
 0.255210
 0.041095
 0.300952
 0.993483
 0.349585
 0.049018
 0.415126
 0.070775
 0.458255
 0.019442
 0.536847
 0.043749
 0.601332
 0.997229
 0.659953
 0.028602
 0.726543
 0.975043
 0.788331
 0.079155
 0.924233
 0.974163
 0.985807
 0.998564
 0.009024
 0.086659
 0.126133
 0.147888
 0.185856
 0.172311
 0.244794
 0.141159
 0.291622
 0.097502
 0.364228
 0.116284
 0.425908
 0.134274
 0.484346
 0.081852
 0.548601
 0.107495
 0.603242
 0.068746
 0.666937
 0.093828
 0.745456
 0.129472
 0.731651
 0.039156
 0.886154
 0.028616
 0.943628
 0.055851
 0.069788
 0.188689
 0.133904
 0.220217
 0.204018
 0.237760
 0.268089
 0.207332
 0.317730
 0.161446
 0.378146
 0.186945
 0.439828
 0.211075
 0.500119
 0.159010
 0.563654
 0.184213
 0.613237
 0.135220
 0.685150
 0.158349
 0.744220
 0.195238
 0.816105
 0.138168
 0.857252
 0.087087
 0.956061
 0.122482
 0.013246
 0.156120
 0.065584
 0.253113
 0.119416
 0.291181
 0.203047
 0.301757
 0.324276
 0.307953
 0.327342
 0.235057
 0.389632
 0.256387
 0.507878
 0.224338
 0.566630
 0.251463
 0.636563
 0.202292
 0.691946
 0.233607
 0.803913
 0.220800
 0.877356
 0.235745
 0.886358
 0.154888
 0.943175
 0.187576
 0.000295
 0.220657
 0.059800
 0.320092
 0.144682
 0.351488
 0.209325
 0.372289
 0.333751
 0.370915
 0.395995
 0.325831
 0.447427
 0.283479
 0.509851
