  15.166102972863297
  16.749941006185318
  16.517342574471860
  17.393346212056576
  16.758445569537063
  16.197212326138596
  15.352969587744823
  15.251464703186051
  20.410569562136065
  20.265644299416387
  15.098776065651199
  11.370046871305540
  13.186801394792235
  13.985417165718817
  13.120366909567168
  13.230750221026382
  11.986968967811166
  10.773139019341435
  13.133417442396401
  11.894185658736312
  10.949337443727443
  15.148970118636663
  13.275730387693088
  11.685146026694169
  16.035391987535472
  11.447842905374201
  14.975430541759243
  16.848711959181679
  12.533798031754914
  17.794882607846053
  12.621905006833528
  11.888084461190025
  16.349779394955590
  13.941582950832238
  12.277104185781697
  13.128139601804340
  13.517515017187122
  11.543446649907311
  20.716754153541563
  17.371986765875632
  14.497905105494774
  17.724709064663677
  17.713912920960333
  16.795029685704152
  12.256866719325995
  10.060087916998658
  15.173954688752827
  16.477828100377749
  15.057994865515360
  12.690583682234612
  10.621898104021513
  16.175798604085831
  13.015910639197312
  16.769611086009381
  16.385608433796168
  14.474133177241052
  14.270839961095071
  12.925345195636193
  12.068762224221326
  13.956321362532679
  11.221268636370792
  11.741092571129692
  11.305013437059388
  17.049716322830355
  15.103637094020376
  13.392834349123146
  12.217562987017849
  11.789427815308355
  14.681550010910013
  12.942451040407225
  14.407049820300878
  10.774478301894883
  10.509914678844591
  11.366034258502141
  15.442456697442412
  15.263965391126018
  13.296855922879715
  10.423129486745726
  11.267102790552424
  13.155467003502691
  12.482028077141947
  15.152167846970593
  14.034396668236922
  10.823046023894168
  12.781229161364171
  11.241591625284856
  14.109651527305653
  13.179325227954291
  13.152602695763730
  18.408455032039961
  11.395417514743181
  14.554105115664835
  10.915168079080947
  13.597052374729444
  13.569228713454064
  11.821979803590283
  11.813237360789725
  16.331575613022917
  13.613132093239359
  14.437144866861416
  10.235371410042706
  15.425119900575083
   9.328633851586740
  12.270789048032047
  12.107283156582615
  10.998672073927307
  13.184657103595614
  13.554184930927168
  18.516215211500599
  13.750547119444676
  16.357914676981761
  15.413399298770310
  17.374911992231014
  12.630404682516118
  13.685175706395932
  11.835446733143841
  11.474023896481834
  12.270735912017973
  12.461523807628077
  15.411404058938440
  17.671900549843413
  10.442208239857582
  10.432556781894439
  13.384955837588400
  15.774455984270842
  13.592324290144550
  14.377682148026656
   9.541910302957273
  16.407323734156506
  14.365856783773732
  10.519398004324555
  14.277954890911495
  16.233366330209489
  12.657206313653540
  13.927119196443013
  14.700003093332625
  12.827047433600416
  10.801163471669554
  13.339903889415668
  14.227556625959777
  11.526068965024210
  16.970611960857074
  13.998318610106699
  11.303734660818567
   9.610086974352040
  10.258739232134223
  14.607528599625042
  13.539437004889991
  14.037757313063915
   8.705564823988856
  10.740304207763975
  10.921470908946515
  10.637941972346548
  14.127401206016010
  11.625805172605249
  12.295695974103868
  14.149857380813829
  14.986683799442083
  12.466233161267862
  10.865306524936964
  17.375050540648781
  13.879418376507048
  10.082129056598480
  12.716328203209342
  12.399402161445634
  12.018635541859465
  12.820315197974140
  11.312030038268385
  11.737129228367217
  16.019799652868006
  12.199467734172541
   9.682199012755341
   9.973135888086108
  10.650567533207451
  12.555787047108951
  14.302182480979750
  11.091616297168813
  16.870673106557623
  17.803233078004925
  15.115551740854222
   9.228191996955512
  13.956509826063399
  13.730451440326688
   9.629729508215446
  14.287402295470014
  12.406472403470749
  11.071283206316443
  11.869338999549055
  12.953524994939755
   8.108068770268441
  12.201236403966624
  16.389843377552659
  11.596282668631963
  12.261737919164255
   9.583185848845045
  10.497019388493835
   9.256849268972271
   8.564967149292978
   9.809441239564928
  13.407558552750963
  12.632285777279714
   8.295503855924176
  19.430343064247632
  14.019964190786833
   9.031133061936875
  12.130084002629346
  12.176299444341588
  13.015587475118222
  19.324417322888061
  13.739079213430717
  11.465068979868005
  13.242746444719262
   9.107072627212522
   9.740690867008034
  15.872957308100513
  12.963583917647204
   8.718829614896175
  16.546435996254253
  10.730097643881338
  10.656614732329406
  10.188315934034852
  11.476917956243807
  13.339968985255121
  11.600773205383929
   9.867357322339784
   9.015949349831651
   8.749252843220278
   9.327561633954994
  13.176387778564362
   8.610819600641628
   8.408600321339595
  12.950492006595773
   9.878817149101620
   8.890189986024103
  11.584911878568283
  10.738813091119448
   8.858414501883586
  11.525623378036239
  12.977250304652951
  10.702539283800872
   9.451967827653401
  17.861371176672224
  10.071515971504516
  14.819283584030234
   9.921726602553146
  14.939930944972136
  10.531651769177483
  11.872553265889494
  11.538818490553634
   8.271116209453964
  19.215763805870107
  10.869648868885304
  14.358954748347139
  12.685478156143395
   9.809203322548456
  15.043224441948057
   9.912975414801932
  11.083286079032253
  12.234610575217234
  12.036581381630318
  10.451452468425596
  13.637914909055498
  10.679829797051693
  10.967529062218229
  12.509107893414562
  10.654681665031606
  10.805769962654314
  10.864253656249206
   9.416300157111307
   9.316963651058711
  13.088771209818477
  10.837132953911416
  11.892750464352380
   8.221954688031854
  10.724097119708009
   9.495712468745890
  17.847717367775221
  10.416556926987059
  12.184338396564104
  12.026153449464762
  10.462061546088206
  10.567777260738808
   7.768462845586522
  10.941368762909818
   9.284549992562967
  10.611613272680397
   9.592833229434811
  10.388530251897721
   9.711834811875774
  10.513947380392570
  17.160672034041808
  15.525633048627705
  11.706719288229964
  17.903011618843371
   9.080936507439677
  13.064957694205431
   9.787957217567728
  14.407971596170525
  11.895709725765833
   7.540565631004173
   8.992356597061838
  16.808953109874685
  11.909991194519353
  12.245338916131711
  11.034270008044503
  10.212746968320985
  11.062235237549200
  12.140934145205460
   9.763368860637835
  10.815672784542868
  15.595365924526925
  12.343805096647612
  14.669016994461655
  13.423006502727763
  13.932099792167748
  14.339197886517424
  15.412204275478581
   8.867001187356135
  12.869277992350530
  10.960038427947894
  10.418723663718455
  13.255897393512390
  12.769098589483448
  12.601123350438999
  10.330584191588423
   7.546616860318085
   9.246077860729775
  12.622273422027411
  13.291889824517838
  10.280804045324708
  13.825120686367111
  11.267939801813831
