             0.00000
   0.000079952068113
   0.000286439631570
   0.000609444206126
   0.001000813316675
   0.001444581181423
   0.001886248190875
   0.002303996418969
   0.002696526077272
   0.003093356774322
   0.003551166276973
   0.003993830852216
   0.004529976612701
   0.005087746551463
   0.005652210879386
   0.006298222863746
   0.006910379233006
   0.007553856413263
   0.008286597068207
   0.008953812682041
   0.009548369446792
   0.010163485312074
   0.010776710175533
   0.011403271415242
   0.012046496901805
   0.012591735496289
   0.013150696839267
   0.013761461961941
   0.014323057816920
   0.014865174897525
   0.015404057469800
   0.015955282411513
   0.016530063294018
   0.017129888461367
   0.017718120664411
   0.018351295322248
   0.018935456453436
   0.019575491214833
   0.020119972699984
   0.020677190943519
   0.021230513411559
   0.021801259544222
   0.022406751895359
   0.023159511155374
   0.023858684334735
   0.024472581138649
   0.025119800246889
   0.025652555682932
   0.026129518900880
   0.026574638464655
   0.027094976077032
   0.027641065260124
   0.028277362746118
   0.029151373724571
   0.030031306911039
   0.030913812814172
   0.031835469108273
   0.032785471209725
   0.033721733342255
   0.034625621148300
   0.035509132816611
   0.036273184122931
   0.037030167464438
   0.037881820593076
   0.038718102593033
   0.039519171759812
   0.040133494738089
   0.040790465221534
   0.041597351350842
   0.042450365972610
   0.043320744458244
   0.044267608876787
   0.045293418061093
   0.046106066408567
   0.046955554356860
   0.047739753165666
   0.048596708053123
   0.049438115624508
   0.050064200617255
   0.050526009788929
   0.050952587097549
   0.051604276935418
   0.052438199151895
   0.053178267465003
   0.053872127659193
   0.054723172414715
   0.055640713351871
   0.056385507706604
   0.057128345582342
   0.057975656489649
   0.058693585377701
   0.059474847104390
   0.060452327070088
   0.061176725806807
   0.061996053234184
   0.062810660676949
   0.063719382659335
   0.064714788508844
   0.065807297828302
   0.066895423448127
   0.067966947055678
   0.068989151584391
   0.069790820745794
   0.070575420044169
   0.071366637619723
   0.072229974546828
   0.073159906917469
   0.074264794926111
   0.075257520391267
   0.076167803606790
   0.077007921475059
   0.077829666211679
   0.078835355136792
   0.079832011437731
   0.080743759562450
   0.081564563810779
   0.082373187083798
   0.083070976722028
   0.083481608560933
   0.083788425632083
   0.084198692276023
   0.084732913089808
   0.085218680531846
   0.085783953631081
   0.086475950626970
   0.087147228373387
   0.087909644838582
   0.088687685218937
   0.089258597311764
   0.089796627771841
   0.090245520419313
   0.090703548633968
   0.091161155996368
   0.091392963009756
   0.091547336738853
   0.091875569691638
   0.092094051172425
   0.092269062090771
   0.092581740853947
   0.092777688630204
   0.093108764588455
   0.093493062007934
   0.093683490417082
   0.093904771772694
   0.094158844395560
   0.094730349312413
   0.095361505368694
   0.095873826082093
   0.096178458094382
   0.096300564192182
   0.096562074769259
   0.097000218244877
   0.097439948446734
   0.097683251182456
   0.097796590393603
   0.098208975952995
   0.098833358983919
   0.099353419544876
   0.099703619435525
   0.100154580272285
   0.100594496306029
   0.101008891566408
   0.101353926261781
   0.101704699528301
   0.102031193098825
   0.102368521548540
   0.102863538924221
   0.103541170317034
   0.103976246717712
   0.104340707228455
   0.104710978925295
   0.105214165317946
   0.105779759725675
   0.106465267361935
   0.107245900459732
   0.108109790275063
   0.109288059676935
   0.110257450471570
   0.110860102650273
   0.111518200022629
   0.111994338726715
   0.112807021255984
   0.113716180704279
   0.114318680370956
   0.114554001228019
   0.114820231387786
   0.115128335122751
   0.115366676824897
   0.115596962968535
   0.115704069576070
   0.115976401348827
   0.116438828483396
   0.116867061105310
   0.117081519209067
   0.117670103102817
   0.118323951343295
   0.118747721356768
   0.119119196849326
   0.119703487832304
   0.120156179064068
   0.120522945112010
   0.121033371875118
   0.121403275704283
   0.121630435095421
   0.122024971173972
   0.122734434492046
   0.123383726468171
   0.123670904516215
   0.123563026830029
   0.123828330648986
   0.124416422576215
   0.125261503293686
   0.125856853867649
   0.126337238653808
   0.126475905678330
   0.126293945320625
   0.126386301976299
   0.126395676752767
   0.126221253899161
   0.126133428662850
   0.126194900787300
   0.126119814098614
   0.126063673438105
   0.126016391102696
   0.126021218895593
   0.126373798656940
   0.126653419375454
   0.127006227665915
   0.127396538921818
   0.127685169855861
   0.128016975209639
   0.128116499443897
   0.128051445023886
   0.128138223932196
   0.128467827124062
   0.128902423783803
   0.129179652230058
   0.129421364960028
   0.129846080474912
   0.130119093891603
   0.129961467887574
   0.130099940162323
   0.130544397906046
   0.131350824702338
   0.131880929244263
   0.132176064554013
   0.132798512992593
   0.133297101272978
   0.133459780502094
   0.133814337290680
   0.134283918337622
   0.134855102594452
   0.135144782070714
   0.135081916314748
   0.135180053909985
   0.135163128508014
   0.135053622324433
   0.135038955685065
   0.135117820974356
   0.135454383003132
   0.135848531519060
   0.136195983983150
   0.136624399922613
   0.137020974119104
   0.137321206073943
   0.137276033813125
   0.137308219515808
   0.137411669050788
   0.137461459996082
   0.137580981084967
   0.137399473088072
   0.137350231593297
   0.137366830900919
   0.137665174975955
   0.138172480411690
   0.138678756031375
   0.139253635794467
   0.139806261826926
   0.140432990958372
   0.141131551183738
   0.141773843705051
   0.142244339458802
   0.142470065907470
   0.142647200153911
   0.142647551528326
   0.142779570328074
   0.143069321852054
   0.143509000810348
   0.143736293282734
   0.143913426947236
   0.143898894665857
   0.143879603534769
   0.143780099296406
   0.143449200898656
   0.143144526835066
   0.142981509534283
   0.142553182358719
   0.142062901507928
   0.141778353840675
   0.141679245235068
   0.141567657865459
   0.141435253082811
   0.141416978027506
   0.141632443899863
   0.141471792973316
   0.141624957381003
   0.141768935067105
   0.142062772057919
   0.142211117176604
   0.142238360047030
   0.142486907105157
   0.142662045614899
   0.142487308937256
   0.142443765059161
   0.142706533052991
   0.143155240694253
   0.143648346772830
   0.144196596477036
   0.144717981104705
   0.145168826373202
   0.145667184641763
   0.145629346851415
   0.145500888265084
   0.145436041382966
   0.145662580305464
   0.145965608482490
   0.146282037611857
   0.146731414216086
   0.147138365956468
   0.146962051719301
   0.146518817435522
   0.146173590565471
   0.146189986922722
   0.146399138711867
   0.146711873790239
   0.147041060403019
   0.147179042673442
   0.147362708183813
   0.147338478667948
   0.147227954319611
   0.147000025579596
   0.147305060232040
   0.147205769158164
   0.147308390476694
   0.147033637402644
   0.146960403146878
   0.146868119981027
   0.146538213339993
   0.146449478521863
   0.146410052135453
   0.146067065893312
   0.145994855222687
   0.146342411575379
   0.146735651818089
   0.146735750661715
   0.146773587455685
   0.146942467834744
   0.146775229465248
   0.146410278805290
   0.145924895995555
   0.145574724551127
   0.145396750807854
   0.145233885439004
   0.144668061228503
   0.144246257397318
   0.143975464368941
   0.143710061276233
   0.143341627323871
   0.143185213945907
   0.143276480732251
   0.143184605030787
   0.142761217723879
   0.142525146946389
   0.142255169749613
   0.142090070379230
   0.142051621259258
   0.141855587491114
   0.141613105379976
   0.141595544209703
   0.141825311184404
   0.142215530954778
   0.142575154401338
   0.142691764505412
   0.142870670884715
   0.143143051284327
   0.143445181795996
   0.143605400194501
   0.143672553268289
   0.143557994849855
   0.143585941016907
   0.143656141017169
   0.143786894456434
   0.143588572871278
   0.143066349898687
   0.142455649640490
   0.142048421032768
   0.141856572415027
   0.141826653782424
   0.141747405700699
   0.141871207266711
   0.141995621266045
   0.141999751082795
   0.142073017610784
   0.142712449719194
   0.143321336497645
   0.143533478629372
   0.143758769561864
   0.144015470681378
   0.144273551483913
   0.144504388991663
   0.144706836182280
   0.144727563513157
   0.144679133422320
   0.144714235301833
   0.144775771708568
   0.144756785978142
   0.144815970288202
   0.145241393589733
   0.145752812980542
   0.146126419156899
   0.146391477962137
   0.146445193438758
   0.146597402493281
   0.146814523994080
   0.146932601348709
   0.147190010993348
   0.147747034762687
   0.148416041717299
   0.148518138815453
   0.148717019633632
   0.149061251096481
   0.149407263537872
   0.149821520125337
   0.150184796518421
   0.150606146766900
   0.150897572057032
   0.151335872776136
   0.151975344498784
   0.152675957990656
   0.153298321312103
   0.153929640081380
   0.154253019150329
   0.154329492554180
   0.154413681076045
   0.154338776857631
   0.154198821143121
   0.153911916133942
   0.153483236378816
   0.153397123275937
   0.153542046344235
   0.153797319056215
   0.154022057213969
   0.154125923075646
   0.154106138688018
   0.154121822529401
   0.154312274028512
   0.154488169706713
   0.154605927184646
   0.154375924567319
   0.154112767742660
   0.154219452194221
   0.154843431359747
   0.155689969821362
   0.156754232997783
   0.157535435886278
   0.158075465248176
   0.158408781280296
   0.158513917492261
   0.158709963925104
   0.159080618490315
   0.159151061987868
   0.158775220216817
   0.158522397521056
   0.158560752062375
   0.158816469141194
   0.159063482485554
   0.159564274018817
   0.160278553557570
   0.160868440152729
   0.161328833277398
   0.161826514992292
   0.161868494525815
   0.161881870173423
   0.162032930850447
   0.162170814985946
   0.162484529231607
   0.162931859041470
   0.163466741205178
   0.163656338323184
   0.164089622365389
   0.164408545931600
   0.164785482680699
   0.165238018917660
   0.165400540740226
   0.165579502299063
   0.165913104491697
   0.166226913964884
   0.166455795483706
   0.167025782431189
   0.167264831866873
   0.167753605667935
   0.168270997194226
   0.168882599368173
   0.169363658849686
   0.169942501955315
   0.170237543273135
   0.170492606864282
   0.170838794211137
   0.170811142419379
   0.170936745107121
   0.170746321320274
   0.170892770168665
   0.171162347816994
   0.171368616119561
   0.171642008997181
   0.171675226713972
   0.171452171754121
   0.171304568243288
   0.170697406014327
   0.170046047639173
   0.169651389806627
   0.169222565414344
   0.168903738065756
   0.169034747795906
   0.169852426466139
   0.170719602232183
   0.171268711333820
   0.171548436348978
   0.171715323793589
   0.172012017420478
   0.172360479267319
   0.172543146348801
   0.172473066297892
   0.172554811437574
   0.172662471323847
   0.172647714459796
   0.172560203692927
   0.172554574610211
   0.172473407244903
   0.172285977645905
   0.171946889095487
   0.171718897340484
   0.171370255985446
   0.171551199808355
   0.171600389118784
   0.171680195256892
   0.171729351213074
   0.171350600512985
   0.170990794627749
   0.170522542379070
   0.170130893461122
   0.169897712143783
   0.169754014896086
   0.169950938391604
   0.170572972703706
   0.170970949202085
   0.171553935328961
   0.171754324807037
   0.171880637936955
   0.171571068777319
   0.171338970243269
   0.171240082898517
   0.171405616916674
   0.171431967350780
   0.171423941580752
   0.171144396659207
   0.171386106509554
   0.171416665922635
   0.171664047386006
   0.172012566077119
   0.172286463570078
   0.172545521705003
   0.172958633358069
   0.173346878063129
   0.173579661165681
   0.173589416504469
   0.173616758412932
   0.173754221431942
   0.174135464819782
   0.175075147888018
   0.176223088194576
   0.177185419560772
   0.177832815156272
   0.178393608187647
   0.178588577810926
   0.178600077740951
   0.178803906081811
   0.179150454009029
   0.179314884506864
   0.179170838953360
   0.179228965842745
   0.179216054332843
   0.179258096471495
   0.179219500151087
   0.179313316048711
   0.180105832954300
   0.180536464965640
   0.180756007014817
   0.180658870076245
   0.180485531268844
   0.180150717035246
   0.179826133805250
   0.179966051334268
   0.180075567680852
   0.180380980577237
   0.180824027757150
   0.181167674143873
   0.181307708720512
   0.181714260249466
   0.182215832058654
   0.182756413234040
   0.183158114124364
   0.183861077185839
   0.184336717577696
   0.184389276407273
   0.184288711436632
   0.184225913427345
   0.183726028125878
   0.183166283857593
   0.182462363151692
   0.181900643780990
   0.181686396678938
   0.181275277845742
   0.180813326735903
   0.180138444757484
   0.179375913329572
   0.178982715328453
   0.178965463702168
   0.179175783683140
   0.179464536767331
   0.179587574104015
   0.179818824246906
   0.179802772521629
   0.179665194754194
   0.179541909656997
   0.179348758650945
   0.179068940210724
   0.178713037145676
   0.178507278687230
   0.178660470234124
   0.178651020932998
   0.178379544796354
   0.178127463143728
   0.177411721398620
   0.176561806947759
   0.175702483777632
   0.174871658394467
   0.174188074791799
   0.173880485544925
   0.173813160642900
   0.173947512916508
   0.174172561618626
   0.174418248877219
   0.174977862727858
   0.175341754336357
   0.175703813264511
   0.175752218035974
   0.175799953377233
   0.175896236591931
   0.175849382873414
   0.175619498744618
   0.175708598457142
   0.176022431809663
   0.175902945953124
   0.175710820787515
   0.175985692865969
   0.176284747742919
   0.176187714302655
   0.175714362366971
   0.175025089995028
   0.174418959354212
   0.174160610049566
   0.174192789926236
   0.174365975124367
   0.174625704413015
   0.174718478856068
   0.174734051135964
   0.174862112877708
   0.175167411122344
   0.175426970995688
   0.175129256092680
   0.174701978543472
   0.174277053084454
   0.173890549465208
   0.173292544570375
   0.172539823608735
   0.172229527282640
   0.172021318993189
   0.171584735851715
   0.170993835787754
   0.170429317076433
   0.170169907711334
   0.170239249986767
   0.170378808891901
   0.170759774883961
   0.171212006890990
   0.171560666807910
   0.171688101820638
   0.171838423304139
   0.171959453020016
   0.171838759028808
   0.171726534286506
   0.171890232465295
   0.172276697735963
   0.172804329055426
   0.173290025279452
   0.173637299645545
   0.173936666757717
   0.174380152295898
   0.174866205197720
   0.175420966245608
   0.176348032190187
   0.177277775828522
   0.177819093213759
   0.177833138526907
   0.177823802341867
   0.177776416164333
   0.177160532673555
   0.176767335626863
   0.176647421127347
   0.176688845682620
   0.176830809133646
   0.177025025402882
   0.177302185258363
   0.177734219800022
   0.178160941164371
   0.178713403063807
   0.179031044553912
   0.179503442314511
   0.179729351798978
   0.179866990483665
   0.179711346467573
   0.179575235055169
   0.179391136102051
   0.179371834044142
   0.179594312117235
   0.179916482856727
   0.180181606978504
   0.180257253669527
   0.179881496249793
   0.179760557923304
   0.179331651942232
   0.178810640580416
   0.178425238860061
   0.178473731251913
   0.178468313756422
   0.178504724455143
   0.178991830000833
   0.179626012301298
   0.179811580455227
   0.179800522911155
   0.179710372833547
   0.179991911753781
   0.180074098190056
   0.180018114270330
   0.179819032637193
   0.179768978963329
   0.179610225353768
   0.179574275255200
   0.179324266392204
   0.178907188042272
   0.178887374168223
   0.179030737575864
   0.179424868321686
   0.180135613738962
   0.180885339737381
   0.181614499338825
   0.182328221882504
   0.183243373288627
   0.184111968951220
   0.184980495325485
   0.185270494562789
   0.185632714856621
   0.185771931914961
   0.185946958945093
   0.186001926567871
   0.186375439202312
   0.186921021645710
   0.187456078278337
   0.187678132546876
   0.187637595841684
   0.187915692956866
   0.188245201896536
   0.188265878764255
   0.188042057796831
   0.187982613191268
   0.188245276161725
   0.188638048563364
   0.188950655619892
   0.188859701588552
   0.188716644341829
   0.188167838417922
   0.187258884822116
   0.186323958309488
   0.185171822915281
   0.184247909989014
   0.183438986569312
   0.182314928234028
   0.181538564630568
   0.180847260215112
   0.179779806915898
   0.178713424161248
   0.178060096033792
   0.177319898000599
   0.176789669773072
   0.176381772363198
   0.175925702956373
   0.175525124788364
   0.175073341449504
   0.174391957883628
   0.173724789927669
   0.172994559322993
   0.172168951359375
   0.171636130917893
   0.171179531428351
   0.170688523005414
   0.170231416646473
   0.169887908429588
   0.169257903143739
   0.168600131963827
   0.167825921496647
   0.167180506785413
   0.166784618470248
   0.166323091546158
   0.165866963549515
   0.165327528144968
   0.164762402086977
   0.164122865945434
   0.163631730173423
   0.163191682445907
   0.163215627573065
   0.163269485832140
   0.163322877453824
   0.163699620663876
   0.164401981891323
   0.164715493462383
   0.164967567359654
   0.165441966042400
   0.165808476802147
   0.165577999898098
   0.165512072502403
   0.165350532526890
   0.165327491074471
   0.165699597434702
   0.166430444209605
   0.167254198681445
   0.167970495070149
   0.168338119294657
   0.168866694638232
   0.169183706649232
   0.169169627076467
   0.169093587395512
   0.168939015496159
   0.168801307864602
   0.168987163619365
   0.169038691232276
   0.169045709338799
   0.169168984154586
   0.169518800660602
   0.170018694725862
   0.170573300922259
   0.170881323233067
   0.171113185725283
   0.171274758084474
   0.171571516236104
   0.171915077531774
   0.171821560396844
   0.171709890976428
   0.171887812895255
   0.171961416670019
   0.172065656772294
   0.171948403644711
   0.171827195404605
   0.171516415235842
   0.171496924218584
   0.171506472048986
   0.171386399419206
   0.171186275899751
   0.170787441560310
   0.170379770489060
   0.170207693654158
   0.170313242311344
   0.170415993326895
   0.170545998331350
   0.170394055850043
   0.170558499080688
   0.170711111313996
   0.170995202484445
   0.171424967959948
   0.171809683154705
   0.171941387629047
   0.171969425182833
   0.172306272580558
   0.172867329145139
   0.173622886955415
   0.174242840739469
   0.174585066135659
   0.174389737231573
   0.174279856565087
   0.173843044763896
   0.173450623816125
   0.173200755471737
   0.173210023107271
   0.173131581328188
   0.172800481253761
   0.172824945825508
   0.173124700899862
   0.173551803392043
   0.173468581668269
   0.173556110684419
   0.173769242369446
   0.174020736103972
   0.174275590810162
   0.174492770869180
   0.174926859717507
   0.175530707502070
   0.175808176509749
   0.176159150416724
   0.176378775821495
   0.176964776962153
   0.177308305395516
   0.177672878990469
   0.178202995167946
   0.178431301514979
   0.178524225751812
   0.178731147393870
   0.178682797185452
   0.178434326034577
   0.178255621692541
   0.178249262410592
   0.178337286582751
   0.178508405854772
   0.178457217887482
   0.178139250935857
   0.177769713728798
   0.177901596109325
   0.178273321531914
   0.179114433196153
   0.179399012628187
   0.179677868742485
   0.180137891220012
   0.180644522174246
   0.181258061368307
   0.181612787647747
   0.181565828518620
   0.181504618226133
   0.181940489149984
   0.182563711830183
   0.183124207310987
   0.183067658121994
   0.183081620873746
   0.182924552743122
   0.182601530380572
   0.182718268646330
   0.182925467573810
   0.183242430854230
   0.183414348450699
   0.183314869380753
   0.183153765726978
   0.183260354425370
   0.182969429150977
   0.182834115344050
   0.182387295615037
   0.181521681823437
   0.180623592959386
   0.180094413519811
   0.179464863946752
   0.178956193771830
   0.178323709185829
   0.177694076628513
   0.177072987808394
   0.176562674053031
   0.176107892307919
   0.175856629863802
   0.175941965548809
   0.175884784245614
   0.175906203550036
   0.175880840123186
   0.176043538387372
   0.176094210798930
   0.176041423687873
   0.176076391227481
   0.176035233277247
   0.176171496305986
   0.176571048107945
   0.176930893466126
   0.177189904884731
   0.177301885140316
   0.177467465071523
   0.177417481602583
   0.177312635945585
   0.177377669546884
   0.177483365714702
   0.177122797855690
   0.176528562013250
   0.175866781408670
   0.175359066070164
   0.174970496303320
   0.174851734940388
   0.174840280938722
   0.174594256249078
   0.174437748776130
   0.173842079041804
   0.172730894902300
   0.171776522968650
   0.171325370617954
   0.171067437284165
   0.170949870076142
   0.170829179654153
   0.170650827222032
   0.170216530343885
   0.170141374708639
   0.170181719564385
   0.170084268962587
   0.170244766803771
   0.170635629624695
   0.170991112092053
   0.171277822719659
   0.171222641492220
   0.171080440738822
   0.170506981721802
   0.170180342792488
   0.170161941903610
   0.169951404290631
   0.169659079423275
   0.169449160152943
   0.169580070966861
   0.169842205508679
   0.170110639562285
   0.170285576518888
   0.170583445022097
   0.170624034747716
   0.170447879580125
   0.169977600839389
   0.169374333030888
   0.168771826598140
   0.167993809295465
   0.167353362592951
   0.166763787187304
   0.166186643639717
   0.165656901983607
   0.165465604420240
   0.165754237316462
   0.166176341772512
   0.166664730880465
   0.166662108587654
   0.167014237027570
   0.167286510116156
   0.167370699343479
   0.167413736736250
   0.167279698420089
   0.166922191015649
   0.166433935812322
   0.166402426781817
   0.166650807977954
   0.166683471449138
   0.166393670297590
   0.165891270637200
   0.165297364949714
   0.165120647103875
   0.164964363639368
   0.164588792235630
   0.164390297564243
   0.164155162744972
   0.164083262971576
   0.163744246793084
   0.163485004658219
   0.163192123053587
   0.162617974503872
   0.162028729412089
   0.161788538597138
   0.161715744731851
   0.161714747537442
   0.161814138466557
   0.161587064499096
   0.161242801396715
   0.161294846019812
   0.161416446456135
   0.161821326463670
   0.162508440544306
   0.163170264541741
   0.163595962573222
   0.163946146229094
   0.164179574699560
   0.164324786778033
   0.164555278325711
   0.164404358997625
   0.163787989794307
   0.163162701497649
   0.162649121855635
   0.162341487388501
   0.161819265726886
   0.161281854731594
   0.160796533990896
   0.160416873525710
   0.160202325363371
   0.159858958844951
   0.159799349249046
   0.159922166643670
   0.159971177848866
   0.160090629624152
   0.159967420017600
   0.159529095734658
   0.159163141262032
   0.159208581343461
   0.159566612450312
   0.160160904591568
   0.161054080286627
   0.161716308841518
   0.162038697675688
   0.162162715069262
   0.162036590203013
   0.162012176922024
   0.162288182681837
   0.162596470227752
   0.162885332557019
   0.163142742627538
   0.163594745946179
   0.163862224844418
   0.163708205934579
   0.163434307726973
   0.163205468166664
   0.163062284604423
   0.162875193185022
   0.162449704107959
   0.161971542911754
   0.161716481478666
   0.161598067639664
   0.161302461768738
   0.161087646380230
   0.160759315948541
   0.160352236067878
   0.160155030547404
   0.160152880544208
   0.160344397047488
   0.160713023623070
   0.160802105309617
   0.161006984163435
   0.161518402719804
   0.162087296442696
   0.162696672325434
   0.163151756984937
   0.163472797742009
   0.163810152897288
   0.164156576298917
   0.164214970972387
   0.163623786195267
   0.163179345943927
   0.162828695807272
   0.162496841077843
   0.161912651569836
   0.161272060581997
   0.161016641872673
   0.161022824446238
   0.160759224748882
   0.159947640282532
   0.159364202009197
   0.159334538787470
   0.159543949507359
   0.159843927618312
   0.159942092656846
   0.160131930792135
   0.160033053523931
   0.159769334861843
   0.159395281411704
   0.158982999248511
   0.158568495015579
   0.158382631310599
   0.158155564673896
   0.157782221268593
   0.157433928628170
   0.157074895542262
   0.156784557787210
   0.156814739798552
   0.156800838442552
   0.157003754060518
   0.157172573299105
   0.157291086157816
   0.157606488423361
   0.158072925214336
   0.158655021761043
   0.159436693169233
   0.160278075056568
   0.161332457113429
   0.162303562169201
   0.162990337346181
   0.163208738513987
   0.162912071861061
   0.162608228205531
   0.162513714888191
   0.162535920714060
   0.162803893789190
   0.162996420956698
   0.163412506406017
   0.163540000969877
   0.163560435064905
   0.163921219113338
   0.164180331354686
   0.164369501324877
   0.164062318164678
   0.163938956411742
   0.163550487269759
   0.163238406300549
   0.163060382278176
   0.163007752371795
   0.163270617015124
   0.163480371345857
   0.163685590559136
   0.164043552353814
   0.164415734511723
   0.164769844143111
   0.164795510766014
   0.164620712700472
   0.164398689215422
   0.164353411419675
   0.164144890015106
   0.163951191490400
   0.163888989956906
   0.163983597079434
   0.163856339266285
   0.164092334107011
   0.164207853851006
   0.164198813717726
   0.164357767162523
   0.164359195985049
   0.164288522523105
   0.164401075715326
   0.164672446935386
   0.164917020775480
   0.164828495613160
   0.164715851119266
   0.164698941487979
   0.164238870431544
   0.163865105142555
   0.163487992879159
   0.163180942609679
   0.162852799032312
   0.162490829969871
   0.162418238438008
   0.162351986245060
   0.162271709756090
   0.162432175013080
   0.162664674717558
   0.162883004041829
   0.162657382603308
   0.162473285792748
   0.162347668921305
   0.162286548440004
   0.162456692591036
   0.162565663875448
   0.162847353337570
   0.163139101956383
   0.163453531389759
   0.163652307941595
   0.163721774478946
   0.163821641746963
   0.164000824151153
   0.163877204133582
   0.164090920392378
   0.164470566120192
   0.164942361984002
   0.165247897052461
   0.165673783034437
   0.166036721095062
   0.166383011483939
   0.166421971538879
   0.166404342898827
   0.166163176331911
   0.165600677903626
   0.164923279530276
   0.164612920017702
   0.164278026751183
   0.163772172280059
   0.163658133199896
   0.163398898195920
   0.163332649235081
   0.163192743414105
   0.163136092943798
   0.163127128383769
   0.163303987460283
   0.163310433062424
   0.163354992688638
   0.163299014159202
   0.163358051853442
   0.163433898265574
   0.163352962127940
   0.163069935530262
   0.163047767723877
   0.163062775087477
   0.162896733402779
   0.162664803971159
   0.162566987528573
   0.162679152587894
   0.162894020967505
   0.162755034441890
   0.163131717148313
   0.163658150643747
   0.163898887279577
   0.164042793757584
   0.164308955774076
   0.164593708664470
   0.164997569018398
   0.165203184279602
   0.165480804813859
   0.165465954063273
   0.165111842943935
   0.164665800033077
   0.164084227852385
   0.163579598186150
   0.163282599186555
   0.163288601064038
   0.163223338333242
   0.163539940813601
   0.163860976042370
   0.164258642716422
   0.164782471063225
   0.165490846579780
   0.166254638389931
   0.166848793136211
   0.167548588410530
   0.168042135445729
   0.168608781734880
   0.168775341125129
   0.168488612305421
   0.168160942899349
   0.167862216051558
   0.167400466973091
   0.167031635330883
   0.166755542591026
   0.166567604539032
   0.166338903875759
   0.166244817257315
   0.166505751193934
   0.167074506236421
   0.167522102378258
   0.167741889709654
   0.168010185187751
   0.168180610980917
   0.168394070332713
   0.168688053014583
   0.168968137749006
   0.169343742986827
   0.169800696730713
   0.170449953400877
   0.170972037759016
   0.171415367646286
   0.171775494200169
   0.172075911419101
   0.172686057789744
   0.172927713370141
   0.173382296266203
   0.173785898526990
   0.174050010327669
   0.174225106035640
   0.174219079439265
   0.174183329177261
   0.174094651766003
   0.174029464230779
   0.174130791250710
   0.174303349321741
   0.174484620637639
   0.174845720235070
   0.175356768665478
   0.175552746077414
   0.175782767329452
   0.175834030393246
   0.175914713873848
   0.176069323206802
   0.176098239275664
   0.176382616311648
   0.176763057962368
   0.176921960416111
   0.176935227096576
   0.176789723077587
   0.176312642597275
   0.175830706576809
   0.175524581143014
   0.175657453539464
   0.175705627349731
   0.176135282169689
   0.176538915801343
   0.176752386763345
   0.177267623504564
   0.177976799829659
   0.178285555535484
   0.178083383593619
   0.178016251739943
   0.177799399467401
   0.177698275833176
   0.177394278518230
   0.177212943772762
   0.177082843493854
   0.176900072335975
   0.177006381987343
   0.177127502351765
   0.177057280377154
   0.177094978451673
   0.177354004251736
   0.177801603412126
   0.177940529281597
   0.178022646282609
   0.177922264879995
   0.178096493804022
   0.178320027945891
   0.178249068895952
   0.178354269918106
   0.178338571792418
   0.178126138851857
   0.177815897901271
   0.177649002474027
   0.177429154249136
   0.177399843877584
   0.177734238157295
   0.177978585816603
   0.178107302762526
   0.178052967616019
   0.178149871264412
   0.178298414579786
   0.178333246733202
   0.178446357319006
   0.178477572213680
   0.178678987928049
   0.179094815625829
   0.179223705529766
   0.179286615707263
   0.179490216065246
   0.179509671722833
   0.179723806631369
   0.180021261499678
   0.179879115176575
   0.179226263758733
   0.179076067557356
   0.179141467283989
   0.179480636937266
   0.179921602899656
   0.180519715263943
   0.180797499232523
   0.180508179746154
   0.180003127432497
   0.179775805184699
   0.179559162808743
   0.179586251754693
   0.179654690127852
   0.179742718621967
   0.180023398988279
   0.179783146633021
   0.179110305924511
   0.178257754805908
   0.177201734675540
   0.176354276749365
   0.175564582720370
   0.174911542759974
   0.174614153609672
   0.174295514764030
   0.174133822263295
   0.174140755699267
   0.173841902927318
   0.173649937702335
   0.173609468025275
   0.173400079150079
   0.173047368104108
   0.172487431003560
   0.172068815118752
   0.171877790775951
   0.171527646435993
   0.171455257740892
   0.171564765728941
   0.171998226265545
   0.172536504618565
   0.172860531633873
   0.172765152731218
   0.172405517721471
   0.172041604319988
   0.171847567607792
   0.171635529738185
   0.171588158356276
   0.171462074732294
   0.171390145678680
   0.171858326869019
   0.172345906920502
   0.172756290366052
   0.173073954029101
   0.173062028638374
   0.173082441843797
   0.172916392986715
   0.172729029366986
   0.172212476890550
   0.171573628974816
   0.171130716917896
   0.170610269689407
   0.169994589436638
   0.169260575444539
   0.168531838665821
   0.168332361585760
   0.168117080383025
   0.168085554388631
   0.167722727707232
   0.167434309906805
   0.167145910627192
   0.166392227580800
   0.165915722145324
   0.165712581736475
   0.165837146850613
   0.165799275757668
   0.165400346612126
   0.164949417049417
   0.164600034223324
   0.164718877175316
   0.165049770810872
   0.165646781484711
   0.165893357969958
   0.166263649158079
   0.166640978196686
   0.167032931168368
   0.167353125566946
   0.167269310306745
   0.167026099820472
   0.167082847984830
   0.167374807503067
   0.167619426221729
   0.168207858401951
   0.168804463371051
   0.168913951047258
   0.168954578961855
   0.168678723523071
   0.168481828407861
   0.168337415210451
   0.168446866820174
   0.168223471648127
   0.167932669263442
   0.167714275869591
   0.167845679475503
   0.168044547939973
   0.168165541881053
   0.168013825783647
   0.168097309360533
   0.168001810021918
   0.167834139359306
   0.167960601939307
   0.167981620321115
   0.168003728050138
   0.168265968260288
   0.168554551221686
   0.168517127851964
   0.168599860155127
   0.168914575940699
   0.169168882786639
   0.169051670444014
   0.168848563825342
   0.168493614795442
   0.168296172887464
   0.168314164791133
   0.168567316909012
   0.168958490125693
   0.169253446854780
   0.169134765023846
   0.169067191114073
   0.168963053304165
   0.168924521898454
   0.168999134602709
   0.169209647981310
   0.169487398442536
   0.169488050431752
   0.169179429538880
   0.168830981847574
   0.168379830527638
   0.167842111101211
   0.167199986034851
   0.166750175734388
   0.166438253057703
   0.165944450198179
   0.165803101935000
   0.165809087433499
   0.165986689357412
   0.166240398562588
   0.166618898617528
   0.166610227900160
   0.166747838715028
   0.166658110228729
   0.166359976765976
   0.166276204181710
   0.166142261809745
   0.166139076780539
   0.166248240669369
   0.166507736949723
   0.166820440881308
   0.167428860042936
   0.168275080851813
   0.168853415163059
   0.169392522230471
   0.169708100275625
   0.169909467468466
   0.170372492499229
   0.170741140166433
   0.171088084222047
   0.171187017601306
   0.171016451831082
   0.171134549166755
   0.171322156293961
   0.171781830632390
   0.171853622339157
   0.171792326516304
   0.171716080549699
   0.171597486329436
   0.171449343723111
   0.171262555790508
   0.170755120191792
   0.170161023966889
   0.169295453597833
   0.168697742605762
   0.168636219173700
   0.168138930897273
   0.167531971410782
   0.166799454621620
   0.166592742855109
   0.166662346248871
   0.166596618013845
   0.166535347861993
   0.166685607002879
   0.167158659820416
   0.167688035468168
   0.168012791540541
   0.167949789541615
   0.168141388527135
   0.168327247592438
   0.168280950541799
   0.168305419272496
   0.168253649719050
   0.168090999407717
   0.167512069499311
   0.166941271967255
   0.166474149622527
   0.166356768224310
   0.166327135720584
   0.166600737818503
   0.166771008379708
   0.167030260703299
   0.167141594998077
   0.166967515601061
   0.166597706759832
   0.166200300481361
   0.166242034262660
   0.166582938416637
   0.167074419230651
   0.167860112644945
   0.168295206092631
   0.168647907949958
   0.169009716052635
   0.169378619959418
   0.169630233966398
   0.169740045891705
   0.169593859710717
   0.168980054202915
   0.168539350323044
   0.168087253888346
   0.167624182395672
   0.167382203511164
   0.167673127079546
   0.168083038128383
   0.168257142070545
   0.168201613326580
   0.168279776712905
   0.168586976354285
   0.168978679528057
   0.169413703744292
   0.169405431486401
   0.169276704365819
   0.169035393939680
   0.168849216152197
   0.168728472001789
   0.168799745545735
   0.168782803231417
   0.168935572362788
   0.169367256313792
   0.169815648532689
   0.169670770305303
   0.169463985695144
   0.169417421166989
   0.169432042408709
   0.168951972184886
   0.168429618261240
   0.168208531480844
   0.168103957619194
   0.167814818148903
   0.167624532583222
   0.167268036330163
   0.166867863986684
   0.166725668219463
   0.167006549153563
   0.166958733248438
   0.166651135980433
   0.166314061280998
   0.166018092198205
   0.165919416836127
   0.165746371538941
   0.165598459989941
   0.165421806207289
   0.165261478261249
   0.165399028091289
   0.165947835065152
   0.166211086741994
   0.166532758481724
   0.166948630312810
   0.167320093948715
   0.167642176575798
   0.167629906995370
   0.167694755536060
   0.167913071789272
   0.167986372936288
   0.168014035592912
   0.168354305377378
   0.168714959862384
   0.169135380534785
   0.169442916633341
   0.169863432485888
   0.170357120942617
   0.170977147774206
   0.171591160846283
   0.172142984167829
   0.172284510987103
   0.171994530109261
   0.172203334885736
   0.172361977604703
   0.172366518146980
   0.172100595141577
   0.172116170783960
   0.172196055386467
   0.172022259734010
   0.171905649180373
   0.171944990650373
   0.171674515294198
   0.171212090915106
   0.170796007413875
   0.170781737574093
   0.171210883949567
   0.171673302792413
   0.171956788143406
   0.172248986659055
   0.172187286504702
   0.172011709397654
   0.171665375520226
   0.171415948881501
   0.171155426450532
   0.171378430425083
   0.171960676183982
   0.172556158754112
   0.172956117867851
   0.173158822180567
   0.173458086630025
   0.173774919156330
   0.174229660776939
   0.174391698195311
   0.174422552982639
   0.174591694795113
   0.174563803389206
   0.174224819640318
   0.174105030366940
   0.173793962701612
   0.173539608529600
   0.173303331413956
   0.173009467931077
   0.173045532570442
   0.173067619696373
   0.173092099539467
   0.172871847008287
   0.172773564972703
   0.172669198665408
   0.172532123098163
   0.172125066518505
   0.171957202377438
   0.171737863458828
   0.171625425069843
   0.171544576697308
   0.171494450866089
   0.171944107585766
   0.172440832176482
   0.172792212821286
   0.172949369522311
   0.172874703022785
   0.172163733961722
   0.171291630257009
   0.170480812584064
   0.169933059340932
   0.169842640355087
   0.169847163765362
   0.170122516552964
   0.170079194120799
   0.169979382129240
   0.169552053365860
   0.169410707386684
   0.169287928737825
   0.169209439761361
   0.169260336107943
   0.169251484956657
   0.169068690606193
   0.169203426693863
   0.169587748158826
   0.169687456471862
   0.169414076551979
   0.169306993025659
   0.169286533251824
   0.169205848243330
   0.169049992240340
   0.168615267528945
   0.168115236770525
   0.167832129375526
   0.167373789157572
   0.166442813616777
   0.165447011103337
   0.164833694116860
   0.164394729287774
   0.164090639010972
   0.163966098424193
   0.163907191184508
   0.163682377693170
   0.163794887488899
   0.163583095231096
   0.163563110468413
   0.163912906140145
   0.164101957021211
   0.164128686775563
   0.164418492839118
   0.164307752635682
   0.164311612380278
   0.164225319163679
   0.164063942205723
   0.164234126546653
   0.164254407933120
   0.164066463707283
   0.163949279810036
   0.163487321462732
   0.163000378652025
   0.162708203044626
   0.162552940701544
   0.162259783392744
   0.162141748410593
   0.162188644238532
   0.161730374706206
   0.161577532183495
   0.161640191137202
   0.161204975435911
   0.160414203547261
   0.159752353786163
   0.159419171886741
   0.159705977690027
   0.160175808209736
   0.160600346509415
   0.160950010830241
   0.160897089903078
   0.160541927351607
   0.160319572648965
   0.160203798174550
   0.160339855592224
   0.160385851205737
   0.160843834567885
   0.161490068107210
   0.162074717917107
   0.162674221349813
   0.163019318964282
   0.162905296611807
   0.162663364137079
   0.162401932959648
   0.162177649584614
   0.162021765011693
   0.161981633097847
   0.162113422064012
   0.162131426902177
   0.162211137004433
   0.162424300842466
   0.162758395329657
   0.163364981029520
   0.164167672459029
   0.164968859306240
   0.165355779840691
   0.165580230722184
   0.165789025359575
   0.166033857373203
   0.166126862044907
   0.166155604089468
   0.165893542746199
   0.165585892039650
   0.165208206428663
   0.164987122491721
   0.164778359584418
   0.164724321354039
   0.164637396013337
   0.164590293147291
   0.164745360394235
   0.165137977593497
   0.165104876286911
   0.164914214410547
   0.164998615706157
   0.165031603262971
   0.165418399195775
   0.165477248743005
   0.165317385935890
   0.165042764497491
   0.165083866604233
   0.165266817696025
   0.165366197184709
   0.165084456210449
   0.164517320809308
   0.164341394533882
   0.164648166856885
   0.164884958677377
   0.165216396125550
   0.165771458469714
   0.166297368330330
   0.166897676118484
   0.167582391143593
   0.168121395440081
   0.168488191849904
   0.168595451536095
   0.168891930337055
   0.169014026443245
   0.169054064051315
   0.169399652961373
   0.169498874349561
   0.169489361990310
   0.169372048752413
   0.169649172861960
   0.169788304977400
   0.169669202143341
   0.169482034438097
   0.169360824983126
   0.169478693528935
   0.169701270398201
   0.169960968132596
   0.170094323458455
   0.170440499405575
   0.170514193699081
   0.170716380950571
   0.170898096325289
   0.171270356360470
   0.171625995046964
   0.171718229566285
   0.171487441120839
   0.171457478544781
   0.171344501376169
   0.171268950439590
   0.171039432332362
   0.170864093295872
   0.170799568613959
   0.171034944259281
   0.171575351259118
   0.172201664688216
   0.172297644268477
   0.171771619739727
   0.171119962473367
   0.170813916986779
   0.170843316605310
   0.171083330079333
   0.171531345474474
   0.171783429318046
   0.171615278128839
   0.171505544506074
   0.171505785990111
   0.171470441251340
   0.171220136787861
   0.171138644137836
   0.171541685031823
   0.171658889101779
   0.171619706099871
   0.171474050754071
   0.171225870297266
   0.171294655840101
   0.171400418216244
   0.171478724672917
   0.171513522246076
   0.171340573656255
   0.171093545473262
   0.170840396183104
   0.170373325592002
   0.169817461003138
   0.169198402786034
   0.168491583763769
   0.168062358231194
   0.167255099300377
   0.166477024353801
   0.165784616156246
   0.165608861559430
   0.165658589806767
   0.165638298212316
   0.165521552669745
   0.165365530715863
   0.165420660089752
   0.165837264102860
   0.166012203053451
   0.166024802228061
   0.165916937012256
   0.165918923034417
   0.166138846760504
   0.166268563168875
   0.166225404563194
   0.166041129109122
   0.165658772445049
   0.165043695258538
   0.164638813172476
   0.164494400785071
   0.164787671545591
   0.164958011800701
   0.165208961742601
   0.165434612748025
   0.165775667694106
   0.165957546389120
   0.166467089086674
   0.167152271985070
   0.167147683280457
   0.167016642452767
   0.167315826339999
   0.167931629542501
   0.168491980927225
   0.169139220306782
   0.169350649654188
   0.169323078583973
   0.169360380677647
   0.169383415792533
   0.169526492736911
   0.170112466645450
   0.170681084238946
   0.171109866097925
   0.171402166984681
   0.172059292417149
   0.172473759367266
   0.173050826063922
   0.173210338220840
   0.173401693444435
   0.173328110155396
   0.173088399055627
   0.173052812389453
   0.172983467161382
   0.172783179114454
   0.172593705730445
   0.172266661995843
   0.172106067884905
   0.172062140426208
   0.172127154855922
   0.172187439591456
   0.171684057237408
   0.171024938550242
   0.170716180160869
   0.170582118826025
   0.170761952062252
   0.170846037780016
   0.170999740652277
   0.171064843466227
   0.171319126858971
   0.171372947540795
   0.171044290738992
   0.171038993233390
   0.171233778476339
   0.171079366996215
   0.171155767221487
   0.171197515807998
   0.171464466779056
   0.171985708687011
   0.172308330877144
   0.172082931900424
   0.171666999645650
   0.171131967890995
   0.170347444253878
   0.169729363194187
   0.169211505905389
   0.168743674470038
   0.168269919949180
   0.167708594579929
   0.167352976595442
   0.167044090225806
   0.166843601425354
   0.166371607250207
   0.165737652163221
   0.165179754446990
   0.164829596529282
   0.164472802456073
   0.164125112531876
   0.164029776693023
   0.163759999176396
   0.163356945271608
   0.163168805739968
   0.163630377936263
   0.164236137905615
   0.164832362298805
   0.165499651594784
   0.166235523729183
   0.166919790298827
   0.167086335295387
   0.166912043072093
   0.166395477573430
   0.166342405388676
   0.166188415048070
   0.166210256319101
   0.165985730825594
   0.165579139626037
   0.164927521747877
   0.164101208469987
   0.163567527663944
   0.163485280091453
   0.163208684647541
   0.162567904156955
   0.162277301557637
   0.162106374100793
   0.161819121704564
   0.161512048947253
   0.161310209992495
   0.161619241766384
   0.162007911424265
   0.162429760611744
   0.162815178583806
   0.163133761571814
   0.163572446519153
   0.163988741022727
   0.164214455102824
   0.164477129303344
   0.164039702689107
   0.163775991578299
   0.163713478985409
   0.163654429947500
   0.163640871380631
   0.163955821165671
   0.164458236932948
   0.165094350851406
   0.165939530748644
   0.166708203501624
   0.167484942522168
   0.168049677992068
   0.168479933872796
   0.168863873184727
   0.169226449854136
   0.169581308009860
   0.169985047715217
   0.170449460274589
   0.170916866474710
   0.171020097078886
   0.170896147508521
   0.170759683619574
   0.170760713666090
   0.171316214107282
   0.171675997513859
   0.171969671022808
   0.172582485604737
   0.172931963881195
   0.173132421040327
   0.172818442962656
   0.172499117696287
   0.172442900348762
   0.172456461285677
   0.172032070815865
   0.171630176458125
   0.171424726108104
   0.171590399091246
   0.171592243348829
   0.171293474626817
   0.170631596401194
   0.170424792356097
   0.170260460773335
   0.170184496140194
   0.170529699681589
   0.170929740006500
   0.171275400177120
   0.171390410912155
   0.171605066928355
   0.171838636825854
   0.172089078012240
   0.172358575896343
   0.172704477197535
   0.172832387093024
   0.172852903278141
   0.172823566426654
   0.172943181099269
   0.173234529128417
   0.173815081844596
   0.174160699310386
   0.174471830152004
   0.174695269017226
   0.174964076912878
   0.175438466911861
   0.176069422086492
   0.176362390660968
   0.176348647660583
   0.176117499822213
   0.176070412958941
   0.176089540370605
   0.176126482016886
   0.176484105941228
   0.176477555302864
   0.176660738064370
   0.176870313961162
   0.176968201689880
   0.176942422955293
   0.177085864412898
   0.177158602970571
   0.176998194864173
   0.176743869261807
   0.176373947303112
   0.176176437596796
   0.176098939057427
   0.175847191009088
   0.175764734572574
   0.175839795613511
   0.175906990197055
   0.175526006204303
   0.175441030731754
   0.175492045019693
   0.175591934151392
   0.175784226666213
   0.175893515747097
   0.175846887260579
   0.175519111322586
   0.175553125742884
   0.175556960334174
   0.175760747492154
   0.175737420978301
   0.175941894457462
   0.176247001885464
   0.176401179472734
   0.176298787880482
   0.176260429368372
   0.176402827431352
   0.176699862657343
   0.176735418362844
   0.176634937554893
   0.176730383787050
   0.176934396364645
   0.177011796911261
   0.177221278792904
   0.177276667009282
   0.177337468646411
   0.177273018848049
   0.177604891737084
   0.178010692930018
   0.178391581017002
   0.178741089512983
   0.178994400715976
   0.179089849196370
   0.179189552700354
   0.179134398710880
   0.179318914081917
   0.179613869586450
   0.179479961541489
   0.179383607181401
   0.179326122191821
   0.179493288774190
   0.179829998496924
   0.180189667456093
   0.180147160572011
   0.180011516743117
   0.179847651458573
   0.179627219259298
   0.179289632047458
   0.179177147937159
   0.179012229396199
   0.178568055497213
   0.177999982480515
   0.177313857822154
   0.176931508053762
   0.176804707022632
   0.176618223421610
   0.176597817097314
   0.176842928172788
   0.177175209243424
   0.177192708954469
   0.177503307150862
   0.177778107408737
   0.177989642763385
   0.177520888083081
   0.176956389713552
   0.176449937208335
   0.175911011077704
   0.175508765838199
   0.175419792610546
   0.175559961294214
   0.175629836534607
   0.176086353344563
   0.176624337654101
   0.176687381507817
   0.176663006816299
   0.176560207137511
   0.176498721875406
   0.176056703329918
   0.175327233755756
   0.174412772029451
   0.173779824296732
   0.173229128141494
   0.173173909553680
   0.173393610123004
   0.173182707631389
   0.172645281016812
   0.172220536265427
   0.171677063943236
   0.171338482657092
   0.170808224913839
   0.170609399050274
   0.170466789441857
   0.170301838519482
   0.170016218437781
   0.169883006693733
   0.170373160118186
   0.170517976429265
   0.170432570534252
   0.170292809076824
   0.169819517891139
   0.169651318835289
   0.169647660030737
   0.169411021721530
   0.168875020080103
   0.168381559592897
   0.168098612344007
   0.168223214290676
   0.168134475814312
   0.168035284592349
   0.168264420477512
   0.168385885301441
   0.168267759031896
   0.168133850909177
   0.167950126861263
   0.167928757817964
   0.167559166555603
   0.166888012363715
   0.166428865541595
   0.166048431763696
   0.165803865392578
   0.165668265424180
   0.165704087039865
   0.165707158620508
   0.165916282912872
   0.166297524142581
   0.166653601407629
   0.166832826710128
   0.166953257054789
   0.167144956610154
   0.167299502611834
   0.167704091288890
   0.168271341175104
   0.168472628419345
   0.168095231364376
   0.167959295751034
   0.167994062161109
   0.168160485438103
   0.168414891907790
   0.168559263112611
   0.168404403532291
   0.168510808804645
   0.168655215656200
   0.168901117259259
   0.169034608877168
   0.168483979282489
   0.168043212636974
   0.167478705358570
   0.166597341748568
   0.165556054134931
   0.164594099002526
   0.163816405544455
   0.163457691098232
   0.163343026959947
   0.163496652911910
   0.163520168270621
   0.163133047230924
   0.162811626171469
   0.162239081096125
   0.161892050690782
   0.161656148195737
   0.161617360461227
   0.161276020514994
   0.160970799057696
   0.160724081021014
   0.161037618991751
   0.161053257027479
   0.160706446491766
   0.160211317585591
   0.160037767700303
   0.160427314026470
   0.161181944139099
   0.161534217268208
   0.161447434028289
   0.161420891797641
   0.161677814588569
   0.162482170571966
   0.162893429363120
   0.163284580944913
   0.163151021627387
   0.162936060627137
   0.162836495315962
   0.162778340829741
   0.162534712011112
   0.162623265729394
   0.162457283224798
   0.162223273251476
   0.161739939968420
   0.160967615876240
   0.160434050650409
   0.160081269009679
   0.159567649602919
   0.159205323445041
   0.159197147104680
   0.159615271354885
   0.159967598893102
   0.160069095421693
   0.160100320384632
   0.160111130777299
   0.160343703697355
   0.160744785886881
   0.161057448240410
   0.161235114633363
   0.161379011442148
   0.161451500899856
   0.161468911087036
   0.161399569847628
   0.161204688476073
   0.161099559788797
   0.160984756963420
   0.160822958489939
   0.160829324203074
   0.161237868839637
   0.161402314483326
   0.161453274798042
   0.161394801884555
   0.161101348487409
   0.160895137947907
   0.160745181018848
   0.160650247387716
   0.160808712525566
   0.161048271674230
   0.161214946977992
   0.161140817939140
   0.161205480928195
   0.161595739534369
   0.161669037668871
   0.162072253023600
   0.162583227626362
   0.162868113139169
   0.162909650017785
   0.163055694689290
   0.163573776735823
   0.164034493926345
   0.164399662496092
   0.164409730179978
   0.164172759277400
   0.163970297551738
   0.164026778210311
   0.164304388651026
   0.164653797798290
   0.164914041262988
   0.165132504655808
   0.165306502631856
   0.165250391809953
   0.165137097450145
   0.164889452404430
   0.164518236845512
   0.164283250344098
   0.164250678480672
   0.164183117861041
   0.163883696658098
   0.163599904459182
   0.163414516306220
   0.163464549087898
   0.163118785627172
   0.162390968550332
   0.161707833521696
   0.161282097275451
   0.161421168763866
   0.161835326760870
   0.162188991752495
   0.162282810926317
   0.162100057794884
   0.161699747474343
   0.161503518575385
   0.161229747757808
   0.161149128835408
   0.161289826595045
   0.161240073225017
   0.161006069699787
   0.160739287213922
   0.160526534223647
   0.160168996253685
   0.160511382013048
   0.160885016710235
   0.161032350368542
   0.160908881086325
   0.160889290909982
   0.160616728739168
   0.160477279801367
   0.160823349951074
   0.160954129029795
   0.161299340539571
   0.161837289995053
   0.162042399477160
   0.162271575195115
   0.162389757887110
   0.162386897903917
   0.162340228433382
   0.162516941525605
   0.162873793035180
   0.162973624284453
   0.162998527380189
   0.163319189798805
   0.163544906933457
   0.163439717352767
   0.163542790595440
   0.163468692611039
   0.163494026769017
   0.163605081156079
   0.163786497095140
   0.163857137723816
   0.163624058140398
   0.163449077382385
   0.163443116244656
   0.163560059690224
   0.163993306277595
   0.164476029243794
   0.164533022334561
   0.164488317860512
   0.164575798406029
   0.164798632766163
   0.164959995026374
   0.165127967103461
   0.165150730760225
   0.165131621002567
   0.165010424403323
   0.165481269937596
   0.165701232306358
   0.165842568120140
   0.166453882762436
   0.166710083043204
   0.167069667272617
   0.167372106983417
   0.167597729028720
   0.168105473345315
   0.168873734091050
   0.169679093219671
   0.170281647847295
   0.170607984221190
   0.170608079334369
   0.171022638912677
   0.171395756844342
   0.171537488965768
   0.171692991895567
   0.171838885280470
   0.171769744373255
   0.171238429164581
   0.170751787170559
   0.170236291416110
   0.169850601642346
   0.169645132430945
   0.169530626359192
   0.169649880831439
   0.169657215830498
   0.169741087283738
   0.169699035133394
   0.169818006575777
   0.170292126408992
   0.170311267583927
   0.170327970752752
   0.170635118832476
   0.171073831043698
   0.171566091605787
   0.171991416126236
   0.172244672649208
   0.172557287475826
   0.172924339167731
   0.172992940187329
   0.173504136746778
   0.174312726083622
   0.175037152200254
   0.175474674385185
   0.175757996697165
   0.175661696314336
   0.175614864503559
   0.175343284514303
   0.174947731863505
   0.174454347268599
   0.174017639900535
   0.173429814195366
   0.172765590387811
   0.172415490927362
   0.171777913844013
   0.171090212170113
   0.170554112380968
   0.170025002650013
   0.169411631256098
   0.169233791062309
   0.168875713811767
   0.169012475794235
   0.169465695138815
   0.169739521643846
   0.169973210172279
   0.169970590188220
   0.170093553711752
   0.170039189441412
   0.170241521983978
   0.170322836002901
   0.170606107915766
   0.170675438064274
   0.170594542063053
   0.170578662982704
   0.170182729524540
   0.169800027603939
   0.169586072352924
   0.169639193825281
   0.169475889011911
   0.169503359605543
   0.169770430223095
   0.169562426264233
   0.169035126041447
   0.168754412973337
   0.168672027574291
   0.168594517328181
   0.168341178224787
   0.168172753498218
   0.168579175940854
   0.168953204718504
   0.169248126894783
   0.169823622118858
   0.169969348723522
   0.169776721419049
   0.169115065649579
   0.168304204636572
   0.167612359255047
   0.167215812331503
   0.167129587867435
   0.167050169159234
   0.166998600017068
   0.167320686398312
   0.168138359679067
   0.168874147223554
   0.169298929728499
   0.169720851100764
   0.170445395417211
   0.171007127869716
   0.171066985302831
   0.171316398941374
   0.171611716843109
   0.171503828271200
   0.171150870600558
   0.170854313348315
   0.170509783398816
   0.170432864786882
   0.170692290684647
   0.171014213759559
   0.171185267394225
   0.171507749225639
   0.171660673101254
   0.171599174147668
   0.171430267376921
   0.170870730891262
   0.170021034003715
   0.169234571453786
   0.168402147219928
   0.167425958954876
   0.166459357347335
   0.165998890518590
   0.165734194280098
   0.165427467842465
   0.164887908514850
   0.164548453760280
   0.164500292609346
   0.164595539544406
   0.164363591208035
   0.164062554143715
   0.163822940786219
   0.163685887597122
   0.163314338956687
   0.162898304074089
   0.162813017002210
   0.162708894963385
   0.162634972939438
   0.162699197545126
   0.162697990123751
   0.162894490361047
   0.162940190900634
   0.162671228300255
   0.162174237058800
   0.161501562908760
   0.160820214892153
   0.160573668093797
   0.160624394002555
   0.160936357244273
   0.161406760781551
   0.161989795829219
   0.162441593733068
   0.162501046947362
   0.162475560935002
   0.162631960447672
   0.162906442558965
   0.163082128277478
   0.163142969814838
   0.163040701156994
   0.162856417600276
   0.162897423645652
   0.162996886317224
   0.163195860955390
   0.163495024091196
   0.163916778915584
   0.164384491787661
   0.164735294976062
   0.165142756061061
   0.165429457023686
   0.165366501944148
   0.165467709717547
   0.165688532093930
   0.166291481213842
   0.167168638246995
   0.167709065238086
   0.167820784308654
   0.167969578764571
   0.167871291408803
   0.167653285447224
   0.167240476421164
   0.167254640135734
   0.167592658531628
   0.167886874640919
   0.167911966501250
   0.167727673317010
   0.167437990455390
   0.167237570866445
   0.166733970533359
   0.166344578713211
   0.166001039235334
   0.165752928239222
   0.165386403917349
   0.165035392042056
   0.164726990123875
   0.164566516894675
   0.164287564838954
   0.164293155442639
   0.164070663227098
   0.163586756836445
   0.163091914983357
   0.163075593273354
   0.163412259234716
   0.163573002531603
   0.164105521792983
   0.164403578921814
   0.164817242945680
   0.164874801254119
   0.164640201142867
   0.164676744112676
   0.164771004079204
   0.164590501929953
   0.164373848690188
   0.164517242611798
   0.165201894310825
   0.165859144768672
   0.166148652093114
   0.166477867130766
   0.166898146195672
   0.167510820536771
   0.168172740999246
   0.168647446861645
   0.168887502264326
   0.169186675956485
   0.169570669707406
   0.170231730176179
   0.170589199203153
   0.170833338244998
   0.170868440376133
   0.170810581501184
   0.170681524278683
   0.170607819703811
   0.170785760391531
   0.170984674314768
   0.171102395388560
   0.171089786172836
   0.171050265915418
   0.171123633228174
   0.171241295498701
   0.171611992217547
   0.172017929419986
   0.172331641935449
   0.172820588573540
   0.173372965327313
   0.173618847458362
   0.173769962657079
   0.173862276219807
   0.173486091210537
   0.173002666493657
   0.172578174745222
   0.172205186952511
   0.172082928513187
   0.172297457401326
   0.172334532681675
   0.172246937076464
   0.171949765079002
   0.171685708401972
   0.171492392870794
   0.171332534613132
   0.171199504901955
   0.170997771781885
   0.170422551664928
   0.170093125799991
   0.170019088464558
   0.169910396692369
   0.169669978264844
   0.169627495882186
   0.169562199489899
   0.169623170451899
   0.169909634394137
   0.170142448712718
   0.170204545249050
   0.170342169667250
   0.170541816631224
   0.170624312564254
   0.170317839455222
   0.169727899723850
   0.169017094661119
   0.168505855958098
   0.167919690052464
   0.167512680594017
   0.166905265968639
   0.166789753567361
   0.166793123671634
   0.166631574285712
   0.166525454995303
   0.166674869804271
   0.166722705931446
   0.166659300155250
   0.166548058489065
   0.166553191654948
   0.166570865763719
   0.166317952801989
   0.166120125278307
   0.166039108821740
   0.166012240532286
   0.165744956180216
   0.165462611456705
   0.165134279527345
   0.165023064486126
   0.164948052278619
   0.165128946325557
   0.165675899671109
   0.166410288898350
   0.167109270734295
   0.167830409410275
   0.168644872300171
   0.169179620693447
   0.169643091417214
   0.169973973094289
   0.170181575777840
   0.170353426217111
   0.170674178390256
   0.170793134109431
   0.171028967882975
   0.171182436021225
   0.171613563064267
   0.171961067763410
   0.171977412964501
   0.171544303623877
   0.170907796671921
   0.170504412753484
   0.170060861595455
   0.169916019516505
   0.169955837427239
   0.170013535231161
   0.169657007190169
   0.169273630029101
   0.169105338648114
   0.168896828412433
   0.168452613677112
   0.168189030125477
   0.168338149575859
   0.168344633658811
   0.168525697495026
   0.168737991271075
   0.168369635339594
   0.168458969201869
   0.168525630582836
   0.168712696394245
   0.168646248861754
   0.168504022122378
   0.168162794527603
   0.167924772178875
   0.167949868618084
   0.168103922973514
   0.168078680079414
   0.168120071859224
   0.168622455950462
   0.169215850113250
   0.170089899032762
   0.170938221862398
   0.171174080669192
   0.171407271852044
   0.171820726355120
   0.172052729477621
   0.172242545703391
   0.172733223833990
   0.173236501428876
   0.173732555297949
   0.174254013468017
   0.174209648161511
   0.174406966972433
   0.174637006876397
   0.174937506231408
   0.175181518397398
   0.175219138186964
   0.174797468925142
   0.174352693347617
   0.174066739346628
   0.173832952206260
   0.173168940883337
   0.172823909845197
   0.172626871632364
   0.172558324389203
   0.172666179813433
   0.172810316650390
   0.172579436298055
   0.172252421255185
   0.171882662012912
   0.171398341467905
   0.171019682195493
   0.170755253639950
   0.170296519713659
   0.170256966190337
   0.170095582653430
   0.169768481829051
   0.169335951805210
   0.169195630200700
   0.169036303067123
   0.168844150086717
   0.169057226138370
   0.169108249203147
   0.168850677182363
   0.168999389075822
   0.169218587909990
   0.169107924583222
   0.168856418347696
   0.168844322436784
   0.168840723649947
   0.168730613558968
   0.168671131101789
   0.168451759379096
   0.168233346972968
   0.168298001281522
   0.168534211620729
   0.168788682814431
   0.168769875776559
   0.168683106685136
