             0.00000
   0.000068590679812
   0.000238427406612
   0.000468284737023
   0.000766284905912
   0.001069704518533
   0.001358443019196
   0.001648653588087
   0.001973832285014
   0.002348990480337
   0.002711924141904
   0.003059371419836
   0.003408143976874
   0.003828500250264
   0.004281838768915
   0.004686695613472
   0.005103037768369
   0.005555040479361
   0.006028656795562
   0.006489766910583
   0.006936089524469
   0.007383383068371
   0.007772425210151
   0.008208833136505
   0.008638483276779
   0.009141855584644
   0.009619487902982
   0.010040827589088
   0.010537615523789
   0.011026728882221
   0.011531495592422
   0.012043495181595
   0.012567428368208
   0.013130286341677
   0.013631779498665
   0.014162360501927
   0.014632893156822
   0.015184984397092
   0.015697374573523
   0.016199907066992
   0.016780053895325
   0.017261893721616
   0.017762228054116
   0.018217100459676
   0.018731958608174
   0.019270146958129
   0.019786299960981
   0.020371562301086
   0.021020999065031
   0.021643522048307
   0.022315214188674
   0.022974013089278
   0.023642261864664
   0.024295516363295
   0.025065240688833
   0.025828960585073
   0.026514085543728
   0.026998463944145
   0.027592076808491
   0.028248334179274
   0.028800426178206
   0.029416406338736
   0.030093700100029
   0.030769735225707
   0.031312410923318
   0.031717693133565
   0.032192973159892
   0.032893792024017
   0.033760205771331
   0.034575650246578
   0.035397678744735
   0.036146652615679
   0.036836211284632
   0.037638400919777
   0.038182461028349
   0.038635861085642
   0.038941822407897
   0.039173090818153
   0.039554414374628
   0.040008410987819
   0.040657260847676
   0.041252898188562
   0.041806854718044
   0.042398074234241
   0.042942803466167
   0.043125000158561
   0.043413965095658
   0.043709509652331
   0.044031983828198
   0.044279291466817
   0.044505300052360
   0.044816629363449
   0.045110825916895
   0.045572636266166
   0.046291800664991
   0.047071227402122
   0.047776430440536
   0.048433319711993
   0.049079962389238
   0.049713819596459
   0.050294593076900
   0.050720648462907
   0.051239432855923
   0.051545370359367
   0.051913992636228
   0.052253058054800
   0.052793500838680
   0.053451245451626
   0.054062473638357
   0.054794602754617
   0.055330803835725
   0.055931950828805
   0.056683970774247
   0.057318201029170
   0.057998899739774
   0.058661052863452
   0.059307471872979
   0.059768583653917
   0.060459329525439
   0.061060854328814
   0.061622256146818
   0.062254265969554
   0.062848325675258
   0.063387334672433
   0.063896696995481
   0.064456335450669
   0.065070761737088
   0.065165272405283
   0.065082790728102
   0.065083632830846
   0.065209692137991
   0.065565805003717
   0.065981597109516
   0.066203521035799
   0.066610619846477
   0.067033246302762
   0.067400510716796
   0.067939703593383
   0.068393874121008
   0.068903110031096
   0.069485676450347
   0.070149313629565
   0.070571797141513
   0.070913668277800
   0.071206712588912
   0.071570301588576
   0.071706534547906
   0.071817812544430
   0.072078778344617
   0.072379095288311
   0.072608155505273
   0.072673200277118
   0.072832335251317
   0.072909233814012
   0.073306002363831
   0.073586141592010
   0.073941864091142
   0.074407462322716
   0.074865162907018
   0.075308158898306
   0.075715225950069
   0.076010243251724
   0.076461055694140
   0.076856806499093
   0.077008500304260
   0.077095137200661
   0.077257535031153
   0.077486981372223
   0.077989552424574
   0.078274132338617
   0.078475842586479
   0.078803802880926
   0.079124552361466
   0.079569121455170
   0.080001737308647
   0.080377060911350
   0.081013065652900
   0.081543730880718
   0.081957819262085
   0.082122029812996
   0.082131952289133
   0.082072876139267
   0.081784799468974
   0.081612464599233
   0.081843481500455
   0.082007019482994
   0.082217421603521
   0.082451191699923
   0.082780017818704
   0.083047240460481
   0.083543882714488
   0.083732951222936
   0.084264270973073
   0.084657665441216
   0.084955737334910
   0.085347510089689
   0.085812796325414
   0.086129943829902
   0.086692564676680
   0.087098092627419
   0.087559350854752
   0.088125408712846
   0.089059895977899
   0.089672205243667
   0.089994204815516
   0.090352616202220
   0.090631151789781
   0.090865002323235
   0.091340351060308
   0.091716648341363
   0.092149524608331
   0.092357153737620
   0.092820327938115
   0.093605504708403
   0.094380761162831
   0.094824163605414
   0.095084294573052
   0.095043826283248
   0.094910876608758
   0.094884383464368
   0.095011091104428
   0.095061398175451
   0.095444476338032
   0.096008348304884
   0.096613876539389
   0.096997505359703
   0.097260913336193
   0.097532580332352
   0.097970663342322
   0.098259772858488
   0.098617882012121
   0.099185704655576
   0.099777502731043
   0.100398492624153
   0.101041438841484
   0.101528685764621
   0.101797080225438
   0.102075509561529
   0.102744054166443
   0.103297439566118
   0.103670459451615
   0.103970512827074
   0.104194203560721
   0.104312770736511
   0.104533774741461
   0.104726072240021
   0.104919802126695
   0.105196756888027
   0.105625971352105
   0.106296675773517
   0.107072266683361
   0.107918555192954
   0.108713930084617
   0.109738618819260
   0.110159135645179
   0.110508587315318
   0.110691678558084
   0.111046103892113
   0.111314135214624
   0.111673977320416
   0.111895698169023
   0.112008610805048
   0.112252867851105
   0.112379357669609
   0.112857652977702
   0.113113121981542
   0.112958079212248
   0.113137656044040
   0.113556682721153
   0.113943565729547
   0.114311941338253
   0.114854839705053
   0.115399326528536
   0.116076622731920
   0.116807292654393
   0.117101102952062
   0.117508244688677
   0.117426262215603
   0.117714182565966
   0.118254799214890
   0.118632209869871
   0.118891034347023
   0.118512554970417
   0.118164948177410
   0.118067530524825
   0.117997310949903
   0.118384202870954
   0.118884873492464
   0.119318134227880
   0.119733872586008
   0.120200247817355
   0.120413224740090
   0.120718971087870
   0.120826728574003
   0.120918699806075
   0.120877113941538
   0.120992560429801
   0.121517742245898
   0.122169633516707
   0.122494479093943
   0.122811191515002
   0.122944000226425
   0.122998979109154
   0.123128576700373
   0.123012783848424
   0.123124199002549
   0.123346760017648
   0.123647467144330
   0.123881582387934
   0.124045758091084
   0.124128965030816
   0.124083561015490
   0.124381148169207
   0.124427899147986
   0.124719286209184
   0.125144601501406
   0.125153135652326
   0.125100229901607
   0.125102679252638
   0.125067956529917
   0.124990863267150
   0.124786381988078
   0.124948128376762
   0.125218606106949
   0.125448980466558
   0.125368142106491
   0.125409502458295
   0.125639998779324
   0.125884037698038
   0.126235306411664
   0.126473431031532
   0.126561066120127
   0.126629433223387
   0.126676532066232
   0.127086060118071
   0.127019405008300
   0.126593312157671
   0.126012038614671
   0.125582752441592
   0.125357774567412
   0.125663079249111
   0.125949668412162
   0.126090797991320
   0.126467835030870
   0.126719332705826
   0.127091351280326
   0.127615475369970
   0.128271677308675
   0.128792502229366
   0.128984349281559
   0.129022618827104
   0.129301017720329
   0.129910046737038
   0.130731367993284
   0.131387914812548
   0.131865163013302
   0.132413502907338
   0.132883136048197
   0.133456225366416
   0.133609657862973
   0.134035639185644
   0.134237906218630
   0.134786843316900
   0.135268585068126
   0.135572157860158
   0.135660469330389
   0.135455654018034
   0.135185426250209
   0.135008620684994
   0.134821769865823
   0.135101511247280
   0.135178042934665
   0.134915582456415
   0.135089571120784
   0.135645999315686
   0.136210928731142
   0.136892877985411
   0.137533630384257
   0.137888030856199
   0.138258269573422
   0.138372654046794
   0.137937777947019
   0.137545729677543
   0.137473968701422
   0.137479599778290
   0.137122511267187
   0.137008863159089
   0.136664260720021
   0.136603747542487
   0.136741067860482
   0.136577022299522
   0.136425866541973
   0.136528047019286
   0.136819894200124
   0.137276602046703
   0.137980787804438
   0.138347284604257
   0.138810869378249
   0.139500445308933
   0.140389717292581
   0.141107007405453
   0.141562206050279
   0.141597739565944
   0.141394777652048
   0.141355042931832
   0.141177445188703
   0.140874484560512
   0.140337032998968
   0.139735016081066
   0.139590252640169
   0.139529240894046
   0.139603403817026
   0.139524861066392
   0.139026067985063
   0.139072442106254
   0.139120572340193
   0.138926448770901
   0.138628782498108
   0.138487077603496
   0.138239024216855
   0.137966816124627
   0.137720680696421
   0.137654163569107
   0.137561836620033
   0.137299448618816
   0.137455863342247
   0.137961123966965
   0.138154281641502
   0.138228949003796
   0.138397738118344
   0.138849175353246
   0.139121097153398
   0.139517383778449
   0.139941316080626
   0.140125929314173
   0.140112492997923
   0.140019037914074
   0.139946873345022
   0.140094703303484
   0.140423648369228
   0.140881386689854
   0.141236895026313
   0.141640645706132
   0.142019028197649
   0.142202795839354
   0.142243822523303
   0.141954188319670
   0.141709909717512
   0.141750386773096
   0.142163931222870
   0.142697659456083
   0.143315712639712
   0.143665998209125
   0.143858279982761
   0.144649905273138
   0.145515196906861
   0.146097050986851
   0.146834118858158
   0.147558664428955
   0.148233833899167
   0.148685883269371
   0.148546016546943
   0.148471346031726
   0.148482133194341
   0.148545524042777
   0.148391301438995
   0.148198091991678
   0.148070390406075
   0.148094476158912
   0.148261230370698
   0.148251925496324
   0.148059768197585
   0.147888324208178
   0.147902612188855
   0.148483906468422
   0.149288580081229
   0.149379115094863
   0.149217304701506
   0.148972589506324
   0.148687872612631
   0.148626470837326
   0.148571800647488
   0.148939061198976
   0.149040513988976
   0.149142688939356
   0.149072569726943
   0.149159857425649
   0.149454459646652
   0.149793844054227
   0.150070760377218
   0.150780434058289
   0.150971796290809
   0.150884034633681
   0.150523460010615
   0.150449977421826
   0.150581317187813
   0.150815255764385
   0.151048055388993
   0.151142489318971
   0.151152258299659
   0.151405769975568
   0.151555635123594
   0.151324990367098
   0.150731934412298
   0.150215660482637
   0.150033412184684
   0.150364418731094
   0.151086630045226
   0.151406885785051
   0.151255501531747
   0.151338094015474
   0.151357920190399
   0.151383318360328
   0.151308001464859
   0.151154457008663
   0.151114200645848
   0.151211639480473
   0.151356169551146
   0.151350751124827
   0.151709752654625
   0.151897982316794
   0.151508303645694
   0.151240671229317
   0.151309904070830
   0.151144250380076
   0.151000118850843
   0.151055805641216
   0.151199632170511
   0.150766035508182
   0.150580475146402
   0.150303990593194
   0.150210621110551
   0.150024477394440
   0.149923739943147
   0.149703352554988
   0.149624390488133
   0.149791826381152
   0.149816962314702
   0.150380192165060
   0.150861456558862
   0.151653177888335
   0.152453509224881
   0.152889207194675
   0.153015476852957
   0.153338666159206
   0.153383646706322
   0.153033983022604
   0.152620613116258
   0.152406744875008
   0.152659773454466
   0.152914796235681
   0.153029785421300
   0.153169660995928
   0.153148479950618
   0.153311142655807
   0.152979126613436
   0.152612293803119
   0.152535932864143
   0.152587716918320
   0.152809277100938
   0.152847199120377
   0.152851079511463
   0.152948384734005
   0.153251391870609
   0.153647111803602
   0.154241475056869
   0.154671722157343
   0.155027033517040
   0.155462011382089
   0.155698617935592
   0.155888156457410
   0.156149768943596
   0.156248443642250
   0.156462587632986
   0.156619705772082
   0.157210447549786
   0.157344683600288
   0.157354739793690
   0.157485674928018
   0.157089845117768
   0.156714729958260
   0.156323084370823
   0.155949025534144
   0.155894063954918
   0.155859831928065
   0.155842050357526
   0.155791313979463
   0.156086802203799
   0.156148416067606
   0.156199577572795
   0.156051285943440
   0.156131628050176
   0.156380125524184
   0.156514646983196
   0.156690340292301
   0.156685394687633
   0.156750561575011
   0.156733274511919
   0.156417434166166
   0.156176115728182
   0.155929607125941
   0.155672008900684
   0.155387312589205
   0.155399807781722
   0.155458356648136
   0.155309041035921
   0.155671970995615
   0.156035993031253
   0.156418308838943
   0.156870759536158
   0.157174114029915
   0.157691478088405
   0.157965628939289
   0.158112224476828
   0.158004296936827
   0.158172419073563
   0.158120307241294
   0.158165787910368
   0.158391977719629
   0.158600927812894
   0.158496294060511
   0.158487323765098
   0.158527940826743
   0.158649204711568
   0.159198220294892
   0.159306135685607
   0.159098134218559
   0.158383050463636
   0.158150251460589
   0.157822775822393
   0.157225711200154
   0.156954780485606
   0.156564586199148
   0.156514589036801
   0.156492098044895
   0.156586378004503
   0.156593511978818
   0.156384629783527
   0.156419054380541
   0.156243848109112
   0.155803091365458
   0.155405968015823
   0.155487230367453
   0.155685675850195
   0.155847549260016
   0.155926406955714
   0.155738567215413
   0.155403849415341
   0.155257581751524
   0.155056730519856
   0.155162299240522
   0.155181181629570
   0.155174701712261
   0.154975915011162
   0.154743379381698
   0.154569500041518
   0.154843288885604
   0.155572951935500
   0.156493784873179
   0.156905528706454
   0.157180510974839
   0.157498081261846
   0.157854668105109
   0.158107778125061
   0.157647625016947
   0.156780257940275
   0.156086227857125
   0.155765944413825
   0.155797944712873
   0.156027612577474
   0.156013540438405
   0.155850035614925
   0.155841645100634
   0.156232203238159
   0.156734422884235
   0.156977876330988
   0.157036197622890
   0.157259448365865
   0.157557130131054
   0.158006216279089
   0.158161032126421
   0.157910986553146
   0.157944210320089
   0.158101003173759
   0.158168082444634
   0.158068407193233
   0.158162841154326
   0.158641587970075
   0.158982820367633
   0.159184757751803
   0.159382629564072
   0.159630560570839
   0.160010089207878
   0.160166776353436
   0.160143267539291
   0.160203536820768
   0.160727046636610
   0.160789143646091
   0.160510321671921
   0.160232718286713
   0.159815803429498
   0.159887256484152
   0.160243909244952
   0.160336427741346
   0.160017851921721
   0.160000960675511
   0.160393422681536
   0.160679601757229
   0.161267892587725
   0.161825466766444
   0.162445087762781
   0.162892026462557
   0.163197353480984
   0.163149171995822
   0.162976553231168
   0.162761164875078
   0.162567985458113
   0.162652711015589
   0.163432946100835
   0.163987307881838
   0.164230663054579
   0.164547481017357
   0.164886114448144
   0.165319430439153
   0.165034340767947
   0.164447185423901
   0.163677615876541
   0.163023505590507
   0.162718221005846
   0.162479013243857
   0.162542783549174
   0.162796742181351
   0.163041095207932
   0.163431909069289
   0.163906266677751
   0.164340403045719
   0.164989733656426
   0.165444423163373
   0.165577343991435
   0.165815611696156
   0.166462879320255
   0.166922632621083
   0.166688574258707
   0.166282878965966
   0.166358845925298
   0.166467037073581
   0.166738762669293
   0.166881237029115
   0.167056079129506
   0.167177607796345
   0.167275170990955
   0.167056639131240
   0.166629002061802
   0.166504242971968
   0.166686050546458
   0.167136351236047
   0.167737801243723
   0.167562879764381
   0.167519510788614
   0.167842001229886
   0.168090632547042
   0.168278928507123
   0.168449218185116
   0.168369992920220
   0.168646717554916
   0.168468371561808
   0.167813458147258
   0.166978994290601
   0.166758331896020
   0.166811034198780
   0.166852215813477
   0.166714943481708
   0.167082677105247
   0.167031222218546
   0.167113291708402
   0.167286989565240
   0.167521827688214
   0.167363835383002
   0.167311434225273
   0.167589371018655
   0.168017537571817
   0.168422285369041
   0.168705029888756
   0.168974848564279
   0.169271843243275
   0.169332594963579
   0.169587220021588
   0.170111278037973
   0.170857698914137
   0.171279368681267
   0.171706009035774
   0.171665029618156
   0.171538368351855
   0.171277131525796
   0.170570222195292
   0.170260400164242
   0.170142896461310
   0.169853155382119
   0.169552968071075
   0.169564101557891
   0.169048567423241
   0.168408091320686
   0.167820645871201
   0.168139200167939
   0.168654549150957
   0.168674156016753
   0.168444094098006
   0.167886214679491
   0.167842620313483
   0.167817474331585
   0.168021838325044
   0.168017670012033
   0.167772628360559
   0.167675614765908
   0.167660926593371
   0.167575947531452
   0.167457629894485
   0.167541277174326
   0.167594350936468
   0.167430018876231
   0.166819595101977
   0.166395215741614
   0.166284437230078
   0.166572936701503
   0.167393740203557
   0.168032945301202
   0.168828438648301
   0.169477705625285
   0.170113274142962
   0.170295172105210
   0.170503485902444
   0.171104623046841
   0.171341230648348
   0.171021957659114
   0.170556748831643
   0.170874313432004
   0.171159081969231
   0.171907730764629
   0.172344797785733
   0.172289885377904
   0.172342134918734
   0.172416540613804
   0.172509066008571
   0.172550730055125
   0.172591305004841
   0.172805086858244
   0.172728309919389
   0.172722372948899
   0.173177855952147
   0.173747483248232
   0.174480220114413
   0.175157669957598
   0.175654682526487
   0.176002018485607
   0.176334590292620
   0.176349971094600
   0.176368417951867
   0.176112227535520
   0.176505661258314
   0.176798073521689
   0.177165977026589
   0.177003912482768
   0.176935196594218
   0.176476107215309
   0.176211176031345
   0.175737906702484
   0.175550427325448
   0.175096540908895
   0.174702930372597
   0.174198021051210
   0.173998882055371
   0.174213168165715
   0.174261043673657
   0.174198440469311
   0.174157837699768
   0.174367979308577
   0.174115634467628
   0.173844179588041
   0.174204566849446
   0.174294131901118
   0.174334214522338
   0.174521530330217
   0.174664213820948
   0.174559755277455
   0.174566579748134
   0.173966483751114
   0.173219361841398
   0.172613361404509
   0.172259437861435
   0.172389656665748
   0.172565867226137
   0.172585754442949
   0.172060301483855
   0.171963287947441
   0.172102916633218
   0.172540552321806
   0.173248416045217
   0.173877438444443
   0.174122781064358
   0.174153198143108
   0.174404011553437
   0.175107036719269
   0.175710977846421
   0.176141534286341
   0.176509273046592
   0.176612219729160
   0.176629655445262
   0.176773144325286
   0.176988468752392
   0.176852301914186
   0.176599111761660
   0.176293139395514
   0.175811923967087
   0.174864876507545
   0.174376542593575
   0.174568278037892
   0.174939361162457
   0.175038063216283
   0.175037810857086
   0.174521546914248
   0.174343807562513
   0.174608584815336
   0.174629439200478
   0.174262895991092
   0.174020920728894
   0.173706243795496
   0.173518113053243
   0.173546438688692
   0.173842852008597
   0.174367959566945
   0.174679798028354
   0.175160216456398
   0.175178902337627
   0.175490771059956
   0.175807766159129
   0.175921008380400
   0.176290813276443
   0.176455116125027
   0.176177719492500
   0.175789704839315
   0.175058914037439
   0.174137363818918
   0.173781445042151
   0.173901539698257
   0.173811223761928
   0.173673502583707
   0.173574064896220
   0.173335266621375
   0.172998520786304
   0.172610295563336
   0.172252463168743
   0.172550439423925
   0.173151242547869
   0.173550663202808
   0.173624375368260
   0.173631905090816
   0.173483654764322
   0.173670238545501
   0.173953972076302
   0.174172192592279
   0.173947916149998
   0.173956817146264
   0.174460851838036
   0.174502621307653
   0.174652053459803
   0.175389777632098
   0.176134617752264
   0.176539152743665
   0.176899906310242
   0.177517510617600
   0.178002441931532
   0.178673878114031
   0.179129005624391
   0.179195154398014
   0.179025668582201
   0.179140107042758
   0.179265750973841
   0.179103905540228
   0.178888317635035
   0.178730573601599
   0.178401354332596
   0.178032516503787
   0.177592983195514
   0.177307694668858
   0.176733861508557
   0.176225618838918
   0.176080263909666
   0.175825535455247
   0.175737663776859
   0.175547200013497
   0.175480161712239
   0.175267104117024
   0.175111336851440
   0.174796567751366
   0.174214121291847
   0.173578978475511
   0.173285440749235
   0.173324880549421
   0.173582051502123
   0.173358297002066
   0.173009380290298
   0.173013929096842
   0.173424624550978
   0.173693119766846
   0.174121057572619
   0.173969745342371
   0.173760077095566
   0.173521112284079
   0.173266641471672
   0.173175306463835
   0.173487470721235
   0.173556308597189
   0.173436951833691
   0.173302650392470
   0.173457643584302
   0.173544771675483
   0.173691857730544
   0.173662181501989
   0.173519406764279
   0.173266192942148
   0.172893855613066
   0.172903395480597
   0.173062212717360
   0.172930946987348
   0.172771561268257
   0.172883556460768
   0.172663042594546
   0.172308033068285
   0.171823964053514
   0.171202530880156
   0.170846238041902
   0.170971042120655
   0.171094601975406
   0.170913416279650
   0.170535209097138
   0.170074391911569
   0.169784930110839
   0.169275915440082
   0.168688419805194
   0.168430497018624
   0.168401814439119
   0.168799549863409
   0.169250943083322
   0.169589157595136
   0.169851584409854
   0.169873167584987
   0.169640459287295
   0.169559793308757
   0.169538801209975
   0.169368762471788
   0.169184408582816
   0.169046435178007
   0.169061408026855
   0.168742227194897
   0.168873406415526
   0.169023339144807
   0.168626880531666
   0.168335931706134
   0.167948083550445
   0.167792947814981
   0.167472689786199
   0.167558789531525
   0.167506148103140
   0.167349476383695
   0.167149460348047
   0.166516690492214
   0.166086703235876
   0.165830489462053
   0.165698233477042
   0.165538712533328
   0.165839646831570
   0.166460399413959
   0.166948471169540
   0.166992061395657
   0.166986337329184
   0.166615115371797
   0.166633285219440
   0.166367136234911
   0.166024319014799
   0.165957730139840
   0.165909451445307
   0.166028149862737
   0.166388923827399
   0.166764534351113
   0.167167193493362
   0.167674756646288
   0.168025634623537
   0.168479004906719
   0.168678947644118
   0.168755306864379
   0.168749288685082
   0.168498957765373
   0.168523599808702
   0.168457371258026
   0.168467102701108
   0.168607896821077
   0.168863980916667
   0.169405724801490
   0.169808573151798
   0.170261661446964
   0.170753617473053
   0.171489118824670
   0.171911019127102
   0.172100812575919
   0.171930001858469
   0.171719293162303
   0.171366624574416
   0.171243588657573
   0.171079073971259
   0.170814703236660
   0.170431894076897
   0.170266079942835
   0.170611853556106
   0.171358633742162
   0.172144572514387
   0.172371445099435
   0.172145989906725
   0.171905847987400
   0.171804956124528
   0.171777116566189
   0.172240206419912
   0.172401464195137
   0.172432960654771
   0.172484322238325
   0.172108870015685
   0.171621357277344
   0.170993582919391
   0.170976807116687
   0.171238743704876
   0.171219414594052
   0.171052158586494
   0.170774126660262
   0.170542321941201
   0.170692472353804
   0.171236419715637
   0.171621862354808
   0.171434264491599
   0.171335757117392
   0.171310388136927
   0.171323032002959
   0.171278477964223
   0.171457136971833
   0.171344362911254
   0.171618600038543
   0.171912837460322
   0.172034019474081
   0.172156501537141
   0.172251589619901
   0.172506444012350
   0.172569199495854
   0.172749857022859
   0.173386623553429
   0.173726615804372
   0.173591521571498
   0.173277381672272
   0.173080058325687
   0.173044384912549
   0.172982126298668
   0.172938007830510
   0.172920561669372
   0.172385585995590
   0.171571120624710
   0.171600059306345
   0.171840327886431
   0.172287501152357
   0.172489557926347
   0.172861914721751
   0.172922828178676
   0.173001480421561
   0.172786601996349
   0.172342310231299
   0.172108611742005
   0.172114336101109
   0.172323252697749
   0.172737461281313
   0.172928689716620
   0.172888578232445
   0.173210238147468
   0.173534192100667
   0.173967268319401
   0.173975576914218
   0.173843075454055
   0.174100029174659
   0.174588636845571
   0.174659923998266
   0.174613123353346
   0.174363150332769
   0.174117040403773
   0.173909984865994
   0.173118462818655
   0.172444213080020
   0.171639448629005
   0.170912476016078
   0.170296392177355
   0.169805938687818
   0.169488780524201
   0.169234953645489
   0.169098453282965
   0.168927659974789
   0.169084198099510
   0.169081941412714
   0.168799809631223
   0.169019243581689
   0.169017302492128
   0.168932314935297
   0.168639143436625
   0.168779380498446
   0.169003876722114
   0.169415922159337
   0.169897373833209
   0.170176665427280
   0.170448853452080
   0.170617464419606
   0.170484071758147
   0.170245204992175
   0.169928941989926
   0.170126959503119
   0.170277297335123
   0.170433238302813
   0.170945756197913
   0.171071380082269
   0.171295092396075
   0.171371992023538
   0.171539114862925
   0.171920684351064
   0.172198539467786
   0.171995282864627
   0.171700811523752
   0.171776489408164
   0.171720662195374
   0.171173854808915
   0.170516027865137
   0.169717356939470
   0.169140516564954
   0.168584447639021
   0.168253259999492
   0.168245204022962
   0.168120079422916
   0.167885720954471
   0.168022181406047
   0.168174436229378
   0.168140702446801
   0.168079775650067
   0.168040474696469
   0.167981434645991
   0.168012311298585
   0.168021889070193
   0.168094098076123
   0.168276421556520
   0.168021850328383
   0.168014026296198
   0.167864586006441
   0.167626232672088
   0.167370179566581
   0.167078301054657
   0.166717494836116
   0.166353149026968
   0.166123795509188
   0.166244657452818
   0.166074858564012
   0.166170709163554
   0.166015993237277
   0.165877895969212
   0.165746736824603
   0.165780711761270
   0.166319624879899
   0.166924298354007
   0.167427428995605
   0.167958435633162
   0.167962191437560
   0.167727535289677
   0.167346827541777
   0.166901851543733
   0.166632865634974
   0.166869292320552
   0.167649702708380
   0.168569318848210
   0.169124800522543
   0.169401270502227
   0.169406949720878
   0.169479563815373
   0.169294991599423
   0.169486394466610
   0.169531343751197
   0.169963033336870
   0.170382800431427
   0.170482753602905
   0.171102369964392
   0.171366522267030
   0.171459572154770
   0.171691097312144
   0.171532560402252
   0.170962550370165
   0.170667036561598
   0.170781617895603
   0.171014711823851
   0.171531409658601
   0.171817535961697
   0.171455142190929
   0.170614316765576
   0.170196970632538
   0.170035234452216
   0.169988856343805
   0.169623265337861
   0.168867731147507
   0.168178863880437
   0.167981780779207
   0.168334504259775
   0.167888669373478
   0.166963046758141
   0.166665958407573
   0.166778356071214
   0.166787116020984
   0.166589198835730
   0.166459407625114
   0.166507249507138
   0.166907008006628
   0.167165423638719
   0.167317359103350
   0.167304753132947
   0.166916987976684
   0.166690571811633
   0.166378508261702
   0.166148180860718
   0.166272020134557
   0.166053902223098
   0.165988246853725
   0.166052621901901
   0.165976552412004
   0.165454153407450
   0.164645752377325
   0.164411876563052
   0.164737219483791
   0.165012408274726
   0.165279204980382
   0.165486877842345
   0.165599026777483
   0.165222374340197
   0.164589838760285
   0.164162662176539
   0.163835799177697
   0.163893058402014
   0.163958208234483
   0.164139072999977
   0.164360786409587
   0.164463132787602
   0.164235084850565
   0.164121122269516
   0.163942536379790
   0.163843330018571
   0.164037549158294
   0.164285640182079
   0.164441203776803
   0.164697375907702
   0.164739586350064
   0.164535099607700
   0.164566757317775
   0.164917794766958
   0.165189604842912
   0.165407575583409
   0.165079828202439
   0.164803627539047
   0.164924320548839
   0.164878189322983
   0.164540975501088
   0.164192887121798
   0.164280500772347
   0.164713297824446
   0.165422666289225
   0.165707612936490
   0.165821604190803
   0.165688457979939
   0.165510031620818
   0.165530177291093
   0.165682606516896
   0.166117926123387
   0.166311960596116
   0.166891050609600
   0.167346537976798
   0.167871638306903
   0.168041899805707
   0.167981196193781
   0.167801346122864
   0.168128122707823
   0.167940301027354
   0.168412233737426
   0.169028618905707
   0.169577057378687
   0.169776784640547
   0.169869153044522
   0.170252453063984
   0.170497395259773
   0.170677774744947
   0.170876218452299
   0.170960864905288
   0.170897585665280
   0.171162225323770
   0.171342773124953
   0.171112208944242
   0.171190686491311
   0.171725382256214
   0.172114759667875
   0.171779117173025
   0.171340950336140
   0.171045762122131
   0.170730011812071
   0.170441374315485
   0.170436061821734
   0.170750776877337
   0.170563013985907
   0.170141747180582
   0.170339892307074
   0.171004482329851
   0.171577418472943
   0.172116833634559
   0.172317476178966
   0.172297775840270
   0.172186101084119
   0.171933492499212
   0.171676455798373
   0.171504348566238
   0.171707727431294
   0.171505632044239
   0.171342148337187
   0.171373232499685
   0.171311101685665
   0.171471060189183
   0.171620093912288
   0.171280351882077
   0.171196308443033
   0.171395215980446
   0.171478765622991
   0.171510630552029
   0.171594550136629
   0.172004104045366
   0.172059559846589
   0.171581223576793
   0.171040643279958
   0.170615414644525
   0.170196600035813
   0.169739744989261
   0.169162591431657
   0.168780899719229
   0.167953637415576
   0.167383382342695
   0.167139481787903
   0.167099670646815
   0.167145673602230
   0.167507240803295
   0.167969603126899
   0.167985742538863
   0.167194954452493
   0.166639188985287
   0.166221496708816
   0.166245102809247
   0.166329761732990
   0.166418655139462
   0.166445770911648
   0.166220113788204
   0.166232011774175
   0.166185528870090
   0.166220236059542
   0.166250068440665
   0.166159656291071
   0.165763317971588
   0.165392585438034
   0.165388802491090
   0.165859834888614
   0.166184670658092
   0.166494159590185
   0.166767809965514
   0.166792625151720
   0.166754059954352
   0.166604237113012
   0.166483000008478
   0.166391816373785
   0.166067778589372
   0.165485473682818
   0.165362209897812
   0.165438693829515
   0.165572582046258
   0.165798373763746
   0.165662441630772
   0.165341826161901
   0.165322210667021
   0.165554647598788
   0.165504886047370
   0.165588702492226
   0.165395754493166
   0.164994164665547
   0.164627278113508
   0.164070694982542
   0.163653138019062
   0.163740544100577
   0.164340486922925
   0.164893871825620
   0.164808742564318
   0.164727047511051
   0.164823545334423
   0.165013516095518
   0.165315045724677
   0.165333263004523
   0.165423094762916
   0.166109106699131
   0.166453173451095
   0.166692252620774
   0.167091584728455
   0.167417218342587
   0.167897436814085
   0.168136341940666
   0.168242871708287
   0.168665113546117
   0.169135575399801
   0.169728278507876
   0.170309536203181
   0.170728707341732
   0.170625109942376
   0.170365320700819
   0.170008096725209
   0.169953904807215
   0.169990036527122
   0.170361189395949
   0.170785249601289
   0.171569012275664
   0.172205635757521
   0.172472488414760
   0.172501778451607
   0.172967580280674
   0.173224188490252
   0.173401297898365
   0.173551506226342
   0.173702451274501
   0.173623626612438
   0.173135677959344
   0.172834737766731
